305
8
477.000000
193.000000
484.639755
193.000000
487.828570
195.914285
494.000000
199.000000
516.023634
210.011817
513.000000
221.009895
513.000000
245.000000
513.000000
250.575643
515.439346
263.121307
513.000000
268.000000
510.023353
273.953294
509.674916
282.325084
505.000000
287.000000
503.878918
288.121082
505.737354
292.525292
505.000000
294.000000
503.901098
296.197804
502.111644
293.888356
501.000000
295.000000
498.940023
297.059977
497.787297
301.000000
494.000000
301.000000
493.528595
301.000000
493.000000
302.000000
4
477.000000
193.000000
477.000000
195.053920
475.823802
194.176198
475.000000
195.000000
468.194119
201.805881
461.356354
220.643646
455.000000
227.000000
451.330656
230.669344
449.315651
240.684349
445.000000
245.000000
444.150163
245.849837
443.000000
248.000000
10
477.000000
193.000000
477.000000
189.572805
465.811297
191.000000
463.000000
191.000000
460.458339
191.000000
437.283745
190.716255
437.000000
191.000000
434.600809
193.399191
423.592496
195.000000
420.000000
195.000000
415.301919
195.000000
361.686293
212.156854
356.000000
215.000000
354.102251
215.948875
348.442433
213.557567
347.000000
215.000000
341.310901
220.689099
324.698376
221.301624
319.000000
227.000000
312.625706
233.374294
305.504742
238.495258
299.000000
245.000000
297.878918
246.121082
299.737354
250.525292
299.000000
252.000000
297.411048
255.177903
293.000000
256.785683
293.000000
261.000000
293.000000
262.374369
292.000000
265.000000
1
443.000000
249.000000
442.254644
249.000000
441.000000
250.000000
1
443.000000
249.000000
443.000000
249.745356
442.000000
251.000000
2
441.000000
251.000000
441.000000
257.505005
431.000000
262.550916
431.000000
269.000000
431.000000
270.201850
429.000000
272.000000
13
291.000000
265.000000
288.660689
265.000000
286.052432
262.026216
284.000000
261.000000
278.085591
258.042795
268.131238
263.000000
264.000000
263.000000
262.889243
263.000000
257.707108
262.292892
257.000000
263.000000
244.928614
275.071386
227.756827
282.243173
215.000000
295.000000
214.537736
295.462264
215.301887
297.396226
215.000000
298.000000
213.200134
301.599732
207.715255
304.284745
205.000000
307.000000
204.537736
307.462264
205.301887
309.396226
205.000000
310.000000
203.901297
312.197406
187.288391
332.711609
185.000000
335.000000
183.675292
336.324708
183.842481
340.315037
183.000000
342.000000
181.950383
344.099235
178.580469
347.419531
177.000000
349.000000
176.738155
349.261845
177.000000
370.654098
177.000000
373.000000
177.000000
375.052009
182.017778
380.035555
183.000000
382.000000
183.421637
382.843274
185.000000
384.000000
5
291.000000
265.000000
291.000000
269.200662
295.168246
274.336492
297.000000
278.000000
299.565687
283.131374
298.118875
296.237751
301.000000
302.000000
304.994524
309.989048
310.933885
313.933885
317.000000
320.000000
322.908676
325.908676
330.877932
331.438966
338.000000
335.000000
340.529822
336.264911
344.000000
341.000000
10
429.000000
273.000000
448.130073
273.000000
458.197519
263.802481
469.000000
253.000000
469.647994
252.352006
482.256961
220.513923
489.000000
234.000000
491.038237
238.076474
489.101762
250.898238
487.000000
253.000000
486.307792
253.692208
480.919765
272.160469
479.000000
276.000000
473.936447
286.127106
460.107448
287.892552
453.000000
295.000000
448.589206
299.410794
443.723522
308.138239
438.000000
311.000000
430.335023
314.832489
425.192581
302.807419
419.000000
309.000000
416.338759
311.661241
413.661241
314.338759
411.000000
317.000000
409.108021
318.891979
409.955134
328.044866
407.000000
331.000000
402.965427
335.034573
409.000000
348.000000
9
429.000000
273.000000
429.000000
279.772980
399.920491
270.159018
407.000000
256.000000
409.432824
251.134352
434.465276
226.232638
424.000000
221.000000
404.655244
211.327622
394.436084
246.781958
382.000000
253.000000
375.630474
256.184763
363.008719
245.504360
358.000000
243.000000
355.859250
241.929625
340.251186
249.748814
339.000000
251.000000
322.213593
267.786407
360.959900
303.919801
369.000000
320.000000
373.246402
328.492804
375.000000
336.593519
375.000000
347.000000
375.000000
351.887794
373.712619
354.287381
371.000000
357.000000
370.472954
357.527046
370.000000
359.000000
3
493.000000
303.000000
484.087485
303.000000
450.869559
326.260882
447.000000
334.000000
444.058632
339.882737
431.370056
341.259887
431.000000
342.000000
430.239883
343.520234
426.000000
343.000000
5
493.000000
303.000000
493.000000
307.288056
501.523718
303.761859
504.000000
305.000000
508.809486
307.404743
512.480984
312.961967
515.000000
318.000000
518.184861
324.369723
515.000000
357.044477
515.000000
366.000000
515.000000
372.666667
515.000000
379.333333
515.000000
386.000000
515.000000
387.333333
515.000000
390.000000
1
345.000000
341.000000
345.745356
341.000000
347.000000
342.000000
1
345.000000
341.000000
345.000000
341.745356
346.000000
343.000000
2
347.000000
343.000000
353.930141
343.000000
360.069859
357.000000
367.000000
357.000000
367.745356
357.000000
369.000000
358.000000
1
425.000000
343.000000
424.254644
343.000000
423.000000
344.000000
1
425.000000
343.000000
425.000000
343.745356
424.000000
345.000000
2
423.000000
345.000000
420.785128
345.000000
413.676939
346.646121
413.000000
348.000000
412.528595
348.942809
410.000000
349.000000
8
409.000000
349.000000
409.000000
361.777379
431.472983
374.263508
442.000000
369.000000
443.474708
368.262646
447.878918
370.121082
449.000000
369.000000
456.189837
361.810163
470.149027
357.701945
475.000000
348.000000
475.675954
346.648091
482.248838
340.124419
484.000000
341.000000
486.516321
342.258161
486.801689
372.396623
485.000000
376.000000
481.508789
382.982422
471.137723
374.862277
467.000000
379.000000
465.013150
380.986850
462.986850
383.013150
461.000000
385.000000
459.099708
386.900292
465.000000
392.000000
13
369.000000
359.000000
364.771023
359.000000
357.664780
363.167610
354.000000
365.000000
349.634310
367.182845
339.421692
364.710846
336.000000
363.000000
332.266667
361.133333
325.733333
364.866667
322.000000
363.000000
309.194568
356.597284
294.911785
353.455892
282.000000
347.000000
271.358567
341.679284
258.156939
319.078469
254.000000
317.000000
244.665255
312.332628
225.743742
338.256258
221.000000
343.000000
217.814506
346.185494
224.266833
350.133416
226.000000
351.000000
230.930980
353.465490
239.069020
350.534510
244.000000
353.000000
252.222431
357.111215
261.860187
358.930094
270.000000
363.000000
285.386370
370.693185
300.662784
377.331392
316.000000
385.000000
323.360936
388.680468
332.518745
389.259372
340.000000
393.000000
345.617667
395.808833
349.000000
405.443855
349.000000
411.000000
349.000000
412.666667
349.000000
416.000000
4
185.000000
385.000000
191.024125
385.000000
198.803997
388.401998
204.000000
391.000000
208.878693
393.439346
221.424357
391.000000
227.000000
391.000000
234.000000
391.000000
241.000000
391.000000
248.000000
391.000000
249.333333
391.000000
252.000000
391.000000
10
185.000000
385.000000
180.337000
385.000000
179.320334
387.339833
176.000000
389.000000
174.525292
389.737354
170.121082
387.878918
169.000000
389.000000
167.418160
390.581840
166.185913
393.907044
164.000000
395.000000
162.950859
395.524570
159.798161
394.201839
159.000000
395.000000
154.491845
399.508155
151.380756
404.619244
147.000000
409.000000
145.410778
410.589222
146.997861
415.002139
145.000000
417.000000
143.728525
418.271475
142.377410
449.622590
139.000000
453.000000
135.800685
456.199315
139.809873
484.190127
135.000000
489.000000
130.415467
493.584533
147.906187
515.953094
150.000000
517.000000
153.399346
518.699673
161.000000
520.000000
5
253.000000
391.000000
263.116805
391.000000
269.610142
396.805071
278.000000
401.000000
280.133333
402.066667
283.866667
399.933333
286.000000
401.000000
292.687631
404.343816
299.180735
407.590367
306.000000
411.000000
309.986922
412.993461
320.591095
415.000000
325.000000
415.000000
326.374369
415.000000
329.000000
416.000000
5
253.000000
391.000000
253.000000
396.242945
266.715446
397.357723
270.000000
399.000000
277.214575
402.607287
282.725018
409.362509
290.000000
413.000000
295.087315
415.543657
302.694015
412.347008
308.000000
415.000000
312.025623
417.012811
319.186780
417.000000
324.000000
417.000000
325.333333
417.000000
328.000000
417.000000
1
515.000000
391.000000
513.333333
391.000000
511.000000
394.000000
1
515.000000
391.000000
515.000000
395.333333
515.000000
404.000000
3
465.000000
393.000000
473.228442
393.000000
482.878580
401.439290
490.000000
405.000000
493.817984
406.908992
503.636603
405.000000
508.000000
405.000000
509.333333
405.000000
512.000000
405.000000
2
465.000000
393.000000
460.389353
393.000000
456.850741
399.000000
452.000000
399.000000
451.057191
399.000000
450.000000
401.000000
1
511.000000
395.000000
508.972412
395.000000
510.000000
401.000000
1
511.000000
395.000000
511.000000
396.666667
511.000000
400.000000
4
411.000000
401.000000
414.196927
401.000000
413.610797
398.194602
416.000000
397.000000
419.605826
395.197087
428.879072
397.000000
433.000000
397.000000
437.377772
397.000000
441.987368
396.987368
445.000000
400.000000
445.745356
400.745356
448.000000
401.000000
3
411.000000
401.000000
408.668341
401.000000
401.440181
396.559819
399.000000
399.000000
395.748348
402.251652
393.000000
404.492776
393.000000
410.000000
393.000000
411.333333
393.000000
414.000000
1
411.000000
401.000000
411.000000
402.000000
411.000000
404.000000
2
449.000000
401.000000
449.000000
404.819006
464.748891
411.374446
468.000000
413.000000
470.564718
414.282359
475.000000
418.000000
1
511.000000
401.000000
511.000000
402.201850
513.000000
404.000000
2
411.000000
405.000000
417.302239
405.000000
416.405915
411.000000
421.000000
411.000000
422.000000
411.000000
424.000000
411.000000
1
411.000000
405.000000
408.763932
405.000000
408.000000
411.000000
1
513.000000
405.000000
513.333333
405.000000
514.000000
405.000000
2
515.000000
405.000000
515.000000
409.000000
515.000000
413.000000
515.000000
417.000000
515.000000
418.000000
515.000000
420.000000
2
409.000000
411.000000
411.144153
411.000000
411.743253
407.871626
414.000000
409.000000
415.264911
409.632456
417.000000
412.000000
1
409.000000
411.000000
409.000000
412.000000
409.000000
414.000000
1
425.000000
411.000000
425.745356
411.000000
427.000000
412.000000
4
425.000000
411.000000
425.000000
406.084784
443.064849
404.532425
448.000000
407.000000
453.484240
409.742120
460.626350
415.626350
465.000000
420.000000
465.333333
420.333333
465.578363
420.789181
466.000000
421.000000
468.699794
422.349897
475.000000
420.000000
1
417.000000
413.000000
418.000000
413.000000
420.000000
413.000000
1
417.000000
413.000000
415.204945
413.000000
412.000000
415.000000
1
421.000000
413.000000
422.000000
413.000000
424.000000
413.000000
1
421.000000
413.000000
421.000000
414.374369
425.000000
414.000000
1
425.000000
413.000000
425.333333
413.000000
426.000000
413.000000
1
427.000000
413.000000
428.000000
413.000000
430.000000
413.000000
3
431.000000
413.000000
437.619732
413.000000
444.510030
412.255015
450.000000
415.000000
452.251398
416.125699
457.499326
420.499326
459.000000
422.000000
459.666667
422.666667
461.000000
424.000000
2
431.000000
413.000000
431.000000
415.242935
428.157217
415.842783
427.000000
417.000000
425.490769
418.509231
431.000000
422.000000
2
393.000000
415.000000
385.495800
415.000000
375.835815
424.164185
371.000000
429.000000
368.450490
431.549510
365.000000
438.000000
2
393.000000
415.000000
393.000000
418.439121
402.619163
421.380837
405.000000
419.000000
406.178511
417.821489
409.000000
416.000000
1
409.000000
415.000000
409.333333
415.000000
410.000000
415.000000
1
411.000000
415.000000
411.000000
416.666667
411.000000
420.000000
2
329.000000
417.000000
334.333333
417.000000
339.666667
417.000000
345.000000
417.000000
346.000000
417.000000
348.000000
417.000000
2
349.000000
417.000000
349.000000
425.619287
343.848697
428.151303
339.000000
433.000000
338.150163
433.849837
337.000000
436.000000
2
475.000000
419.000000
483.681710
419.000000
492.389096
421.000000
500.000000
421.000000
504.666667
421.000000
514.000000
421.000000
1
407.000000
421.000000
408.000000
421.000000
410.000000
421.000000
12
407.000000
421.000000
380.954914
421.000000
385.984904
434.015096
373.000000
447.000000
372.025835
447.974165
371.543866
454.456134
369.000000
457.000000
368.201839
457.798161
369.524570
460.950859
369.000000
462.000000
362.191115
475.617770
353.750418
486.249582
343.000000
497.000000
341.675292
498.324708
341.842481
502.315037
341.000000
504.000000
338.102517
509.794966
331.493422
516.506578
327.000000
521.000000
325.236619
522.763381
328.160067
529.679866
327.000000
532.000000
324.618760
536.762480
323.000000
548.433773
323.000000
554.000000
323.000000
554.666667
322.701858
555.403715
323.000000
556.000000
324.200000
558.400000
327.800000
559.600000
329.000000
562.000000
329.801618
563.603237
327.807277
565.903639
330.000000
567.000000
330.596285
567.298142
332.000000
567.000000
9
407.000000
421.000000
407.000000
423.596538
402.465724
425.534276
401.000000
427.000000
398.384998
429.615002
393.487094
430.512906
391.000000
433.000000
385.851144
438.148856
381.987282
444.012718
377.000000
449.000000
374.087952
451.912048
374.908657
464.182686
373.000000
468.000000
369.944198
474.111604
366.045466
479.909068
363.000000
486.000000
360.130890
491.738220
349.708529
500.291471
345.000000
505.000000
343.504847
506.495153
341.627925
512.186038
340.000000
513.000000
339.396226
513.301887
337.462264
512.537736
337.000000
513.000000
336.292893
513.707107
337.000000
516.000000
4
411.000000
421.000000
415.278876
421.000000
421.256558
412.513116
425.000000
420.000000
426.186465
422.372931
414.213872
426.106936
420.000000
429.000000
421.175331
429.587666
422.923714
425.538143
424.000000
425.000000
425.885618
424.057191
430.000000
423.000000
4
411.000000
421.000000
411.000000
424.694030
386.879947
441.120053
383.000000
445.000000
379.886423
448.113577
378.928575
459.071425
375.000000
463.000000
372.826933
465.173067
373.000000
468.926819
373.000000
472.000000
373.000000
472.666667
373.000000
474.000000
1
515.000000
421.000000
515.000000
423.333333
515.000000
428.000000
3
431.000000
423.000000
431.000000
428.928258
447.973322
438.026678
453.000000
433.000000
454.475441
431.524559
457.000000
431.192187
457.000000
429.000000
457.000000
428.254644
458.000000
427.000000
6
461.000000
425.000000
463.339311
425.000000
465.947568
427.973784
468.000000
429.000000
469.089905
429.544952
480.254265
429.745735
481.000000
429.000000
482.111644
427.888356
479.802196
426.098902
482.000000
425.000000
483.603571
424.198214
494.134560
428.067280
496.000000
429.000000
499.181477
430.590738
507.364049
429.000000
511.000000
429.000000
512.000000
429.000000
514.000000
429.000000
1
461.000000
425.000000
460.254644
425.000000
459.000000
426.000000
2
459.000000
427.000000
459.000000
430.323749
467.713370
433.000000
471.000000
433.000000
472.000000
433.000000
474.000000
433.000000
1
515.000000
429.000000
515.000000
429.333333
515.000000
430.000000
3
515.000000
431.000000
513.087996
431.000000
504.216783
429.783217
503.000000
431.000000
500.672362
433.327638
506.058086
442.116171
507.000000
444.000000
507.298142
444.596285
507.000000
446.000000
3
515.000000
431.000000
515.000000
453.333333
515.000000
475.666667
515.000000
498.000000
515.000000
505.666667
515.000000
513.333333
515.000000
521.000000
515.000000
524.666667
515.000000
532.000000
2
475.000000
433.000000
477.665624
433.000000
483.667530
431.833765
486.000000
433.000000
489.399346
434.699673
493.000000
442.000000
5
475.000000
433.000000
475.000000
436.593203
473.016889
438.983111
471.000000
441.000000
469.352536
442.647464
470.790700
464.418600
469.000000
468.000000
468.112027
469.775947
464.086872
480.173744
465.000000
482.000000
465.931295
483.862589
479.780990
490.219010
481.000000
489.000000
482.581139
487.418861
484.000000
483.000000
1
337.000000
437.000000
338.374369
437.000000
341.000000
438.000000
3
337.000000
437.000000
334.577064
437.000000
304.288468
453.423064
303.000000
456.000000
300.813843
460.372314
291.038882
460.961118
289.000000
463.000000
288.764298
463.235702
289.000000
464.000000
1
341.000000
439.000000
341.333333
439.000000
342.000000
439.000000
3
341.000000
439.000000
340.289200
439.000000
318.422132
455.577868
317.000000
457.000000
314.590210
459.409790
311.000000
465.115252
311.000000
466.000000
311.000000
467.333333
311.000000
470.000000
1
343.000000
439.000000
347.176655
439.000000
354.000000
445.000000
3
343.000000
439.000000
343.000000
444.194182
325.835318
452.164682
323.000000
455.000000
320.787396
457.212604
316.685387
463.314613
313.000000
467.000000
312.028175
467.971825
312.000000
471.000000
1
365.000000
439.000000
361.394449
439.000000
356.000000
445.000000
2
365.000000
439.000000
365.000000
441.195304
360.088025
447.955987
358.000000
449.000000
357.057191
449.471405
355.000000
448.000000
1
493.000000
443.000000
497.533824
443.000000
506.000000
447.000000
1
493.000000
443.000000
493.000000
447.013865
494.000000
455.000000
1
355.000000
445.000000
355.000000
445.333333
355.000000
446.000000
2
355.000000
447.000000
353.241215
447.000000
338.597288
468.805424
337.000000
472.000000
335.090957
475.818086
329.000000
482.000000
1
507.000000
447.000000
507.000000
449.333333
507.000000
454.000000
1
495.000000
455.000000
495.333333
455.000000
496.000000
455.000000
3
495.000000
455.000000
495.000000
460.544063
492.321193
469.678807
489.000000
473.000000
488.201839
473.798161
489.524570
476.950859
489.000000
478.000000
488.130773
479.738454
486.000000
483.000000
3
497.000000
455.000000
499.144153
455.000000
499.743253
451.871626
502.000000
453.000000
502.697911
453.348955
503.490940
458.509060
505.000000
457.000000
505.527046
456.472954
506.000000
455.000000
2
497.000000
455.000000
497.000000
465.948836
497.319366
478.680634
491.000000
485.000000
487.935871
488.064129
491.000000
498.000000
2
507.000000
455.000000
510.142662
455.000000
509.000000
477.861381
509.000000
482.000000
509.000000
483.333333
509.000000
486.000000
10
289.000000
465.000000
270.865838
465.000000
275.822373
450.911186
264.000000
445.000000
255.749120
440.874560
241.166866
447.000000
234.000000
447.000000
213.074157
447.000000
183.228695
428.771305
169.000000
443.000000
165.252347
446.747653
170.189309
461.094654
174.000000
463.000000
176.666667
464.333333
181.333333
461.666667
184.000000
463.000000
192.255005
467.127502
201.674631
468.837316
210.000000
473.000000
233.835665
484.917832
223.327587
515.663794
246.000000
527.000000
255.929167
531.964583
269.099030
519.549515
280.000000
525.000000
285.252744
527.626372
289.454766
530.454766
294.000000
535.000000
294.745356
535.745356
295.000000
538.000000
2
289.000000
465.000000
289.000000
467.721456
296.872160
475.872160
299.000000
478.000000
299.666667
478.666667
301.000000
480.000000
1
311.000000
471.000000
306.515459
471.000000
302.000000
481.000000
2
311.000000
471.000000
311.000000
476.586463
307.000000
473.293288
307.000000
479.000000
307.000000
480.000000
307.000000
482.000000
6
373.000000
475.000000
372.666667
475.000000
372.333333
475.000000
372.000000
475.000000
370.443495
475.000000
369.696710
480.606580
369.000000
482.000000
366.022871
487.954258
360.004692
491.990616
357.000000
498.000000
354.492356
503.015288
346.845606
507.154394
343.000000
511.000000
341.888356
512.111644
344.197804
513.901098
342.000000
515.000000
340.666667
515.666667
338.000000
517.000000
1
373.000000
475.000000
373.000000
476.666667
373.000000
480.000000
1
301.000000
481.000000
301.000000
482.795055
306.000000
483.000000
4
373.000000
481.000000
379.843985
481.000000
388.726063
503.452126
391.000000
508.000000
392.200000
510.400000
395.800000
511.600000
397.000000
514.000000
398.864538
517.729076
393.827378
516.172622
393.000000
517.000000
390.241176
519.758824
397.000000
528.000000
2
373.000000
481.000000
373.000000
486.339389
371.445053
488.890106
375.000000
496.000000
376.520234
499.040468
377.000000
506.000000
2
307.000000
483.000000
307.000000
487.136362
317.388120
490.388120
320.000000
493.000000
320.666667
493.666667
322.000000
495.000000
2
329.000000
483.000000
330.978967
483.000000
337.000000
482.621558
337.000000
486.000000
337.000000
488.357023
330.000000
485.000000
1
329.000000
483.000000
329.000000
483.333333
329.000000
484.000000
2
485.000000
483.000000
485.000000
488.666667
485.000000
494.333333
485.000000
500.000000
485.000000
501.333333
485.000000
504.000000
1
329.000000
485.000000
329.000000
488.605551
323.000000
494.000000
3
509.000000
487.000000
514.487014
487.000000
509.000000
502.753552
509.000000
504.000000
509.000000
511.555173
511.000000
516.637051
511.000000
524.000000
511.000000
527.162278
514.000000
533.000000
2
509.000000
487.000000
509.000000
490.566762
496.886165
489.113835
495.000000
491.000000
492.986159
493.013841
492.000000
499.000000
2
323.000000
495.000000
327.528287
495.000000
336.859686
494.280629
333.000000
502.000000
331.353455
505.293090
322.000000
503.000000
1
323.000000
495.000000
323.000000
497.426703
321.000000
502.000000
1
491.000000
499.000000
491.000000
501.426703
489.000000
506.000000
1
321.000000
503.000000
321.000000
505.426703
323.000000
510.000000
5
485.000000
505.000000
473.452625
505.000000
460.165179
513.834821
453.000000
521.000000
451.804592
522.195408
451.510085
526.244957
450.000000
527.000000
447.795469
528.102265
444.141996
529.716008
443.000000
532.000000
439.932098
538.135804
431.449862
540.550138
427.000000
545.000000
426.472954
545.527046
426.000000
547.000000
1
485.000000
505.000000
485.000000
506.201850
488.000000
507.000000
2
377.000000
507.000000
381.830691
507.000000
384.728906
521.457811
387.000000
526.000000
388.414214
528.828427
396.000000
529.000000
2
377.000000
507.000000
377.000000
509.506233
379.000000
512.541986
379.000000
516.000000
379.000000
516.666667
379.000000
518.000000
2
489.000000
507.000000
489.000000
509.279068
491.924452
515.848904
493.000000
518.000000
493.421637
518.843274
495.000000
520.000000
2
323.000000
511.000000
324.631311
511.000000
328.128608
510.257217
329.000000
512.000000
329.869227
513.738454
324.000000
515.000000
1
323.000000
511.000000
323.000000
512.000000
323.000000
514.000000
2
323.000000
515.000000
323.000000
517.841757
318.313473
523.373055
317.000000
526.000000
316.578363
526.843274
315.000000
528.000000
2
337.000000
517.000000
335.551273
517.000000
331.000000
523.237862
331.000000
525.000000
331.000000
526.000000
331.000000
528.000000
6
379.000000
519.000000
375.395497
519.000000
378.331969
523.000000
376.000000
523.000000
374.444510
523.000000
375.396664
519.698332
374.000000
519.000000
370.133263
517.066631
363.866737
518.933369
360.000000
517.000000
358.019359
516.009680
347.539550
512.460450
345.000000
515.000000
340.907558
519.092442
337.764643
520.470714
335.000000
526.000000
334.367544
527.264911
332.000000
529.000000
2
379.000000
519.000000
379.000000
523.550586
385.000000
526.027911
385.000000
531.000000
385.000000
531.745356
386.000000
533.000000
4
161.000000
521.000000
164.587128
521.000000
168.796434
527.398217
172.000000
529.000000
186.398161
536.199081
197.443635
546.443635
210.000000
559.000000
214.380798
563.380798
220.685525
568.342763
226.000000
571.000000
229.373096
572.686548
234.000000
579.000000
6
161.000000
521.000000
157.919964
521.000000
147.204831
526.795169
145.000000
529.000000
143.012901
530.987099
144.310808
539.378384
143.000000
542.000000
137.182054
553.635892
145.129564
604.259128
151.000000
616.000000
152.025711
618.051423
168.256582
618.513165
173.000000
628.000000
175.410268
632.820536
170.478411
641.043179
169.000000
644.000000
168.578363
644.843274
167.000000
646.000000
1
495.000000
521.000000
497.236068
521.000000
501.000000
524.000000
2
495.000000
521.000000
489.161118
521.000000
476.644670
525.289340
481.000000
534.000000
483.076322
538.152643
494.000000
539.000000
2
495.000000
521.000000
495.000000
525.666667
495.000000
530.333333
495.000000
535.000000
495.000000
536.000000
495.000000
538.000000
3
501.000000
525.000000
503.261107
525.000000
508.010809
531.978383
507.000000
534.000000
505.905027
536.189946
503.000000
533.677816
503.000000
536.000000
503.000000
537.054093
502.000000
539.000000
1
501.000000
525.000000
497.273220
525.000000
499.000000
536.000000
2
315.000000
529.000000
316.372121
529.000000
318.237511
528.475023
319.000000
530.000000
319.869227
531.738454
316.000000
535.000000
1
315.000000
529.000000
315.000000
530.666667
315.000000
534.000000
5
331.000000
529.000000
331.000000
531.073183
333.000000
532.850534
333.000000
534.000000
333.000000
536.102146
329.667737
534.332263
329.000000
535.000000
327.377069
536.622931
329.000000
548.449715
329.000000
551.000000
329.000000
551.896855
331.146723
562.146723
332.000000
563.000000
332.745356
563.745356
333.000000
566.000000
1
397.000000
529.000000
397.000000
530.000000
397.000000
532.000000
1
387.000000
533.000000
390.000000
533.000000
396.000000
533.000000
5
387.000000
533.000000
387.000000
536.404268
384.400100
544.800200
385.000000
546.000000
385.946029
547.892059
389.655048
547.310096
391.000000
550.000000
392.187234
552.374467
391.716357
555.432713
393.000000
558.000000
394.007732
560.015463
393.439583
567.000000
391.000000
567.000000
390.666667
567.000000
390.000000
567.000000
3
397.000000
533.000000
401.080119
533.000000
405.850650
525.925325
412.000000
529.000000
417.898131
531.949065
420.617533
539.235067
423.000000
544.000000
423.471405
544.942809
424.000000
547.000000
2
515.000000
533.000000
515.000000
539.333333
515.000000
545.666667
515.000000
552.000000
515.000000
553.333333
515.000000
556.000000
3
315.000000
535.000000
315.000000
544.554753
311.000000
555.921465
311.000000
565.000000
311.000000
570.818112
309.000000
575.845636
309.000000
580.000000
309.000000
581.333333
309.000000
584.000000
1
499.000000
537.000000
499.745356
537.000000
501.000000
538.000000
1
499.000000
537.000000
499.000000
538.201850
496.000000
539.000000
12
295.000000
539.000000
300.243704
539.000000
303.431484
567.284258
300.000000
569.000000
299.047811
569.476094
290.322138
589.355724
289.000000
592.000000
287.200134
595.599732
281.715255
598.284745
279.000000
601.000000
278.537736
601.462264
279.301887
603.396226
279.000000
604.000000
274.495658
613.008685
254.776786
622.611607
246.000000
627.000000
243.009909
628.495045
240.093827
626.046914
238.000000
625.000000
233.922042
622.961021
228.230692
623.115346
224.000000
621.000000
214.330970
616.165485
206.477437
597.238719
194.000000
591.000000
191.349388
589.674694
180.749259
581.250741
177.000000
585.000000
167.902654
594.097346
196.703650
611.407300
201.000000
620.000000
203.342551
624.685101
208.115133
637.769734
205.000000
644.000000
204.578363
644.843274
203.000000
646.000000
3
295.000000
539.000000
295.000000
541.596538
290.465724
543.534276
289.000000
545.000000
286.633745
547.366255
282.386034
551.227932
281.000000
554.000000
280.578363
554.843274
279.000000
556.000000
1
501.000000
539.000000
501.000000
540.666667
501.000000
544.000000
2
501.000000
545.000000
504.091197
545.000000
507.479393
546.958786
509.000000
550.000000
509.666667
551.333333
507.000000
554.000000
1
501.000000
545.000000
501.000000
548.282953
505.000000
554.000000
2
425.000000
547.000000
425.000000
551.550586
431.000000
554.027911
431.000000
559.000000
431.000000
560.000000
431.000000
562.000000
1
505.000000
555.000000
505.333333
555.000000
506.000000
555.000000
2
505.000000
555.000000
505.000000
560.579446
504.182859
565.817141
501.000000
569.000000
498.878680
571.121320
501.000000
578.000000
1
507.000000
555.000000
507.000000
555.333333
507.000000
556.000000
1
279.000000
557.000000
278.254644
557.000000
277.000000
558.000000
1
279.000000
557.000000
279.000000
557.745356
278.000000
559.000000
1
507.000000
557.000000
509.333333
557.000000
514.000000
557.000000
2
507.000000
557.000000
507.000000
563.901833
505.000000
566.815856
505.000000
574.000000
505.000000
575.333333
505.000000
578.000000
2
515.000000
557.000000
515.000000
564.333333
515.000000
571.666667
515.000000
579.000000
515.000000
582.666667
515.000000
590.000000
2
277.000000
559.000000
277.000000
563.294172
266.810564
568.378873
265.000000
572.000000
264.578363
572.843274
263.000000
574.000000
1
387.000000
561.000000
388.795055
561.000000
389.000000
566.000000
3
387.000000
561.000000
379.865530
561.000000
373.140842
560.859158
369.000000
565.000000
366.306159
567.693841
371.000000
575.848007
371.000000
578.000000
371.000000
578.666667
371.000000
580.000000
7
387.000000
561.000000
387.000000
555.787835
385.100270
556.200541
383.000000
552.000000
380.485362
546.970725
383.609269
539.218538
381.000000
534.000000
379.311789
530.623579
374.666181
530.333090
372.000000
529.000000
358.929880
522.464940
352.649971
521.350029
343.000000
531.000000
332.842533
541.157467
343.602224
561.204449
349.000000
572.000000
350.624505
575.249010
358.750990
583.375495
362.000000
585.000000
364.666667
586.333333
370.000000
581.000000
3
431.000000
563.000000
434.492839
563.000000
445.000000
567.260568
445.000000
572.000000
445.000000
574.102146
441.667737
572.332263
441.000000
573.000000
439.821489
574.178511
437.000000
576.000000
2
431.000000
563.000000
428.017510
563.000000
426.795335
563.204665
425.000000
565.000000
423.284062
566.715938
427.000000
572.000000
2
333.000000
567.000000
340.571603
567.000000
344.428049
576.856098
347.000000
582.000000
347.596285
583.192570
347.000000
586.000000
1
389.000000
567.000000
389.000000
568.666667
389.000000
572.000000
3
389.000000
573.000000
386.890190
573.000000
379.852760
570.147240
379.000000
571.000000
375.186638
574.813362
377.422430
585.155139
375.000000
590.000000
373.945907
592.108185
368.000000
591.000000
2
389.000000
573.000000
389.000000
577.761503
411.911665
586.176670
413.000000
584.000000
413.760117
582.479766
418.000000
583.000000
1
427.000000
573.000000
429.848001
573.000000
435.000000
576.000000
3
427.000000
573.000000
426.443507
573.000000
421.485093
574.514907
421.000000
575.000000
420.847479
575.152521
421.901046
580.197908
421.000000
582.000000
420.789181
582.421637
420.000000
583.000000
2
263.000000
575.000000
256.409903
575.000000
254.674938
579.000000
249.000000
579.000000
244.666667
579.000000
236.000000
579.000000
4
263.000000
575.000000
263.000000
580.836475
255.349307
578.650693
253.000000
581.000000
251.519753
582.480247
247.092738
592.546369
244.000000
591.000000
240.103901
589.051950
239.603383
584.603383
237.000000
582.000000
236.333333
581.333333
235.000000
580.000000
1
435.000000
577.000000
435.333333
577.000000
436.000000
577.000000
3
435.000000
577.000000
414.479654
577.000000
431.676004
603.352008
437.000000
614.000000
438.874677
617.749355
448.250645
627.125323
452.000000
629.000000
452.942809
629.471405
455.000000
630.000000
3
437.000000
577.000000
437.000000
581.833270
445.183216
583.591608
448.000000
585.000000
450.192723
586.096361
448.198382
588.396763
449.000000
590.000000
450.054093
592.108185
454.000000
595.000000
1
501.000000
579.000000
502.000000
579.000000
504.000000
579.000000
1
501.000000
579.000000
501.000000
581.134375
496.000000
583.000000
2
505.000000
579.000000
508.902946
579.000000
505.954415
583.908829
507.000000
586.000000
508.282359
588.564718
514.000000
591.000000
2
371.000000
581.000000
371.000000
585.012124
367.000000
585.574646
367.000000
588.000000
367.000000
588.666667
367.000000
590.000000
2
333.000000
583.000000
330.117097
583.000000
321.006341
574.993659
317.000000
579.000000
314.826933
581.173067
310.000000
585.000000
1
333.000000
583.000000
333.000000
583.333333
333.000000
584.000000
2
333.000000
583.000000
333.000000
581.627879
332.475023
579.762489
334.000000
579.000000
335.738454
578.130773
339.000000
582.000000
1
339.000000
583.000000
340.666667
583.000000
343.000000
586.000000
1
339.000000
583.000000
337.204945
583.000000
334.000000
585.000000
4
419.000000
583.000000
419.000000
595.010500
422.018247
606.036493
427.000000
616.000000
428.932035
619.864070
423.407686
620.815373
425.000000
624.000000
427.862112
629.724225
435.000000
633.151803
435.000000
640.000000
435.000000
641.333333
435.000000
644.000000
1
495.000000
583.000000
495.000000
587.384315
497.000000
596.000000
5
495.000000
583.000000
495.000000
582.333333
495.000000
581.666667
495.000000
581.000000
495.000000
578.885017
498.725244
577.450488
497.000000
574.000000
495.727832
571.455664
485.949541
564.050459
483.000000
567.000000
480.177860
569.822140
475.822140
570.177860
473.000000
573.000000
468.965427
577.034573
475.000000
590.000000
1
309.000000
585.000000
309.000000
589.384315
311.000000
598.000000
1
333.000000
585.000000
333.000000
586.000000
333.000000
588.000000
1
343.000000
587.000000
344.000000
587.000000
346.000000
587.000000
2
343.000000
587.000000
340.378129
587.000000
339.640602
589.000000
336.000000
589.000000
335.333333
589.000000
334.000000
589.000000
1
347.000000
587.000000
348.666667
587.000000
351.000000
590.000000
1
333.000000
589.000000
330.312581
589.000000
329.000000
596.000000
1
351.000000
591.000000
355.384315
591.000000
364.000000
593.000000
1
351.000000
591.000000
351.000000
593.603417
345.000000
596.000000
1
367.000000
591.000000
366.254644
591.000000
365.000000
592.000000
3
475.000000
591.000000
472.284890
591.000000
466.710085
577.289915
463.000000
581.000000
460.072119
583.927881
462.804152
586.391696
461.000000
590.000000
459.945907
592.108185
456.000000
595.000000
1
475.000000
591.000000
475.000000
593.426703
477.000000
598.000000
1
515.000000
591.000000
515.000000
594.000000
515.000000
600.000000
1
365.000000
593.000000
365.000000
594.795055
363.000000
598.000000
3
455.000000
595.000000
455.000000
600.355755
458.822607
601.645215
461.000000
606.000000
463.756189
611.512378
456.747041
615.494083
459.000000
620.000000
460.686548
623.373096
467.000000
628.000000
2
329.000000
597.000000
335.387782
597.000000
337.012789
599.493606
342.000000
597.000000
342.596285
596.701858
344.000000
597.000000
2
329.000000
597.000000
325.771262
597.000000
318.020878
597.958245
317.000000
600.000000
316.528595
600.942809
314.000000
601.000000
1
345.000000
597.000000
345.000000
597.333333
345.000000
598.000000
1
497.000000
597.000000
501.068852
597.000000
507.000000
604.000000
1
497.000000
597.000000
497.000000
598.666667
494.000000
601.000000
1
311.000000
599.000000
311.745356
599.000000
313.000000
600.000000
2
311.000000
599.000000
308.464269
599.000000
303.000000
604.464269
303.000000
607.000000
303.000000
608.000000
303.000000
610.000000
2
345.000000
599.000000
349.666667
599.000000
354.333333
599.000000
359.000000
599.000000
360.000000
599.000000
362.000000
599.000000
1
345.000000
599.000000
345.000000
601.687419
341.000000
606.000000
1
363.000000
599.000000
363.000000
602.605551
369.000000
608.000000
2
477.000000
599.000000
481.781961
599.000000
484.826165
601.000000
489.000000
601.000000
490.000000
601.000000
492.000000
601.000000
2
477.000000
599.000000
477.000000
608.284617
475.976186
607.952373
481.000000
618.000000
482.490712
620.981424
481.000000
628.000000
2
313.000000
601.000000
313.000000
604.863604
308.570375
603.429625
307.000000
605.000000
305.730704
606.269296
305.000000
610.000000
1
493.000000
601.000000
493.000000
602.666667
493.000000
606.000000
1
515.000000
601.000000
513.798150
601.000000
513.000000
604.000000
1
515.000000
601.000000
515.000000
602.000000
515.000000
604.000000
1
317.000000
605.000000
314.151999
605.000000
309.000000
608.000000
1
317.000000
605.000000
317.000000
606.201850
319.000000
608.000000
2
317.000000
605.000000
317.000000
601.668752
330.059545
599.029772
334.000000
601.000000
336.529822
602.264911
340.000000
607.000000
1
507.000000
605.000000
508.666667
605.000000
512.000000
605.000000
1
507.000000
605.000000
507.000000
605.333333
507.000000
606.000000
1
513.000000
605.000000
513.333333
605.000000
514.000000
605.000000
1
515.000000
605.000000
515.000000
607.333333
515.000000
612.000000
1
331.000000
607.000000
332.666667
607.000000
334.000000
611.000000
4
331.000000
607.000000
322.406274
607.000000
309.861178
631.930589
324.000000
639.000000
325.204740
639.602370
340.411110
643.588890
341.000000
643.000000
343.715255
640.284745
346.400268
634.799866
350.000000
633.000000
350.843274
632.578363
352.000000
631.000000
2
331.000000
607.000000
331.000000
604.969045
324.426170
603.573830
323.000000
605.000000
322.150163
605.849837
321.000000
608.000000
1
341.000000
607.000000
341.333333
607.000000
342.000000
607.000000
1
341.000000
607.000000
341.000000
609.134375
336.000000
611.000000
4
343.000000
607.000000
345.279363
607.000000
363.000000
603.709224
363.000000
608.000000
363.000000
612.824068
336.658188
633.329094
328.000000
629.000000
324.064351
627.032175
326.807489
620.596255
330.000000
619.000000
330.421637
618.789181
331.000000
618.000000
10
343.000000
607.000000
343.000000
595.815682
369.269573
605.460854
367.000000
610.000000
365.686857
612.626286
362.459700
611.540300
361.000000
613.000000
357.766518
616.233482
356.386979
622.806510
352.000000
625.000000
350.418874
625.790563
344.225639
625.774361
343.000000
627.000000
341.804592
628.195408
341.510085
632.244957
340.000000
633.000000
336.962603
634.518699
334.699039
631.000000
332.000000
631.000000
329.404578
631.000000
325.151474
633.575737
324.000000
633.000000
321.105801
631.552901
319.500297
624.999405
321.000000
622.000000
321.910819
620.178362
325.776715
617.000000
328.000000
617.000000
328.666667
617.000000
330.000000
617.000000
1
493.000000
607.000000
497.333333
607.000000
506.000000
607.000000
2
493.000000
607.000000
488.467890
607.000000
484.179775
614.359549
487.000000
620.000000
487.421637
620.843274
489.000000
622.000000
2
507.000000
607.000000
507.000000
609.419685
509.646963
613.000000
512.000000
613.000000
512.666667
613.000000
514.000000
613.000000
1
309.000000
609.000000
310.201850
609.000000
312.000000
611.000000
1
309.000000
609.000000
307.798150
609.000000
306.000000
611.000000
1
319.000000
609.000000
319.333333
609.000000
320.000000
609.000000
1
319.000000
609.000000
317.204945
609.000000
314.000000
611.000000
4
321.000000
609.000000
321.000000
618.568210
308.815834
621.631668
315.000000
634.000000
316.828938
637.657876
323.331697
645.665848
326.000000
647.000000
327.600000
647.800000
330.400000
646.200000
332.000000
647.000000
333.686548
647.843274
336.000000
651.000000
3
369.000000
609.000000
376.725538
609.000000
385.537497
607.768748
392.000000
611.000000
394.133333
612.066667
397.866667
609.933333
400.000000
611.000000
401.264911
611.632456
403.000000
614.000000
2
369.000000
609.000000
369.000000
614.725599
361.992208
627.000000
356.000000
627.000000
354.585786
627.000000
353.000000
630.000000
1
303.000000
611.000000
303.333333
611.000000
304.000000
611.000000
3
303.000000
611.000000
303.000000
622.790083
298.979966
633.959931
305.000000
646.000000
307.961400
651.922800
314.054297
657.054297
319.000000
662.000000
320.000000
663.000000
322.000000
665.000000
4
313.000000
611.000000
313.000000
612.753170
310.095986
615.904014
309.000000
617.000000
306.152862
619.847138
309.780140
637.560281
311.000000
640.000000
311.932200
641.864400
322.704981
652.352490
324.000000
653.000000
326.458545
654.229273
332.000000
655.000000
1
335.000000
611.000000
335.000000
613.134375
331.000000
616.000000
1
515.000000
613.000000
515.000000
617.333333
515.000000
626.000000
2
403.000000
615.000000
407.354960
615.000000
411.000000
623.672275
411.000000
627.000000
411.000000
628.000000
411.000000
630.000000
2
403.000000
615.000000
403.000000
618.390890
395.102668
622.897332
393.000000
625.000000
389.794103
628.205897
385.000000
636.000000
2
489.000000
623.000000
492.488131
623.000000
494.934198
627.000000
499.000000
627.000000
500.000000
627.000000
502.000000
627.000000
1
489.000000
623.000000
485.926819
623.000000
482.000000
629.000000
1
503.000000
627.000000
506.666667
627.000000
514.000000
627.000000
1
503.000000
627.000000
503.000000
629.603417
497.000000
632.000000
2
515.000000
627.000000
515.000000
633.333333
515.000000
639.666667
515.000000
646.000000
515.000000
647.333333
515.000000
650.000000
2
467.000000
629.000000
471.178084
629.000000
473.179886
631.000000
477.000000
631.000000
478.000000
631.000000
480.000000
631.000000
1
467.000000
629.000000
465.798150
629.000000
465.000000
632.000000
1
481.000000
629.000000
481.000000
629.333333
481.000000
630.000000
4
281.000000
631.000000
293.711048
631.000000
308.087115
662.174229
313.000000
672.000000
315.729485
677.458970
325.166690
684.583345
330.000000
687.000000
334.641360
689.320680
337.695865
683.000000
341.000000
683.000000
342.000000
683.000000
344.000000
683.000000
5
281.000000
631.000000
269.236713
631.000000
268.534764
642.732618
260.000000
647.000000
255.890019
649.054990
232.485302
653.514698
231.000000
655.000000
228.286650
657.713350
217.563629
665.218185
214.000000
667.000000
206.527620
670.736190
203.000000
656.377220
203.000000
652.000000
203.000000
650.666667
203.000000
648.000000
4
281.000000
631.000000
281.000000
650.369396
289.000000
669.985253
289.000000
689.000000
289.000000
697.046276
291.000000
702.777761
291.000000
711.000000
291.000000
714.630872
293.000000
716.173603
293.000000
720.000000
293.000000
720.666667
293.000000
722.000000
1
353.000000
631.000000
356.480102
631.000000
363.000000
634.000000
2
411.000000
631.000000
405.104459
631.000000
398.692364
634.653818
394.000000
637.000000
391.541455
638.229273
386.000000
639.000000
9
411.000000
631.000000
411.000000
635.499853
415.277669
641.444662
413.000000
646.000000
412.263100
647.473799
409.997750
648.002250
409.000000
649.000000
407.012901
650.987099
408.310808
659.378384
407.000000
662.000000
406.263100
663.473799
403.997750
664.002250
403.000000
665.000000
401.878918
666.121082
403.737354
670.525292
403.000000
672.000000
402.263100
673.473799
399.997750
674.002250
399.000000
675.000000
396.373794
677.626206
394.638933
686.722134
393.000000
690.000000
389.784867
696.430267
382.017735
701.982265
377.000000
707.000000
374.494451
709.505549
370.000000
715.000000
1
455.000000
631.000000
458.073181
631.000000
464.000000
633.000000
1
455.000000
631.000000
454.254644
631.000000
453.000000
632.000000
1
481.000000
631.000000
481.000000
632.666667
481.000000
636.000000
1
453.000000
633.000000
454.374369
633.000000
457.000000
634.000000
2
453.000000
633.000000
447.547855
633.000000
444.533103
642.733448
440.000000
645.000000
439.156726
645.421637
438.000000
647.000000
2
465.000000
633.000000
467.009009
633.000000
475.548540
634.548540
477.000000
636.000000
477.745356
636.745356
480.000000
637.000000
3
497.000000
633.000000
494.819978
633.000000
489.026609
628.973391
487.000000
631.000000
486.686651
631.313349
489.000000
634.801664
489.000000
636.000000
489.000000
637.414214
486.000000
639.000000
1
497.000000
633.000000
497.000000
636.000000
497.000000
642.000000
1
363.000000
635.000000
367.013865
635.000000
372.000000
643.000000
3
363.000000
635.000000
363.000000
638.247928
356.528878
637.471122
355.000000
639.000000
351.394542
642.605458
347.060681
649.000000
341.000000
649.000000
339.798150
649.000000
338.000000
651.000000
2
457.000000
635.000000
462.471155
635.000000
471.166118
638.583059
476.000000
641.000000
478.385139
642.192570
484.000000
641.000000
7
457.000000
635.000000
455.627760
635.000000
461.522193
649.000000
467.000000
649.000000
480.337392
649.000000
473.848312
644.075844
476.000000
643.000000
477.967478
642.016261
478.685118
644.342559
480.000000
645.000000
482.267113
646.133556
485.661023
645.830512
488.000000
647.000000
491.019547
648.509774
490.141452
655.070726
494.000000
657.000000
497.464798
658.732399
506.073143
659.000000
510.000000
659.000000
511.333333
659.000000
514.000000
659.000000
2
385.000000
637.000000
381.342851
637.000000
377.251113
638.748887
375.000000
641.000000
374.472954
641.527046
374.000000
643.000000
1
385.000000
637.000000
385.000000
637.333333
385.000000
638.000000
1
481.000000
637.000000
482.374369
637.000000
485.000000
638.000000
3
385.000000
639.000000
385.000000
656.398509
363.072097
663.855805
359.000000
672.000000
357.651902
674.696196
349.975005
681.000000
347.000000
681.000000
346.254644
681.000000
345.000000
682.000000
1
485.000000
639.000000
485.000000
639.333333
485.000000
640.000000
1
485.000000
641.000000
485.000000
644.726780
496.000000
643.000000
4
373.000000
643.000000
373.000000
646.618260
366.871474
647.128526
365.000000
649.000000
353.579347
660.420653
353.908394
663.045803
338.000000
671.000000
334.517963
672.741018
327.085548
670.085548
325.000000
668.000000
324.333333
667.333333
323.000000
666.000000
2
497.000000
643.000000
501.657572
643.000000
507.693327
646.693327
511.000000
650.000000
511.745356
650.745356
514.000000
651.000000
9
435.000000
645.000000
433.959433
645.000000
419.742817
652.257183
419.000000
653.000000
417.447383
654.552617
421.000000
658.294726
421.000000
660.000000
421.000000
663.125101
417.905931
665.811862
419.000000
668.000000
420.200000
670.400000
423.800000
671.600000
425.000000
674.000000
426.866667
677.733333
423.133333
684.266667
425.000000
688.000000
425.946029
689.892059
429.655048
689.310096
431.000000
692.000000
435.531464
701.062928
442.937072
708.468536
452.000000
713.000000
455.916960
714.958480
459.795904
718.795904
463.000000
722.000000
463.745356
722.745356
466.000000
723.000000
1
435.000000
645.000000
435.000000
645.333333
435.000000
646.000000
2
167.000000
647.000000
174.666667
647.000000
182.333333
647.000000
190.000000
647.000000
194.000000
647.000000
202.000000
647.000000
9
167.000000
647.000000
167.000000
663.059956
179.750669
696.875334
196.000000
705.000000
200.455881
707.227940
205.544119
708.772060
210.000000
711.000000
212.235112
712.117556
213.764888
713.882444
216.000000
715.000000
220.454421
717.227210
231.909242
715.000000
237.000000
715.000000
237.948324
715.000000
242.396109
715.603891
243.000000
715.000000
246.224030
711.775970
251.473078
698.263461
254.000000
697.000000
258.705493
694.647253
264.608246
709.304123
268.000000
711.000000
273.643211
713.821606
279.215087
719.000000
286.000000
719.000000
288.403701
719.000000
292.000000
723.000000
1
435.000000
647.000000
435.333333
647.000000
436.000000
647.000000
4
435.000000
647.000000
435.000000
652.470525
427.301390
658.602779
431.000000
666.000000
436.252570
676.505139
436.451336
664.225668
442.000000
667.000000
445.281342
668.640671
448.190391
669.190391
451.000000
672.000000
451.666667
672.666667
453.000000
674.000000
3
437.000000
647.000000
437.000000
650.989996
441.996196
664.998098
446.000000
667.000000
447.066667
667.533333
448.933333
666.466667
450.000000
667.000000
452.666667
668.333333
454.000000
675.000000
1
337.000000
651.000000
337.000000
652.666667
334.000000
655.000000
1
515.000000
651.000000
515.000000
653.333333
515.000000
658.000000
2
333.000000
655.000000
333.000000
657.990064
326.783934
661.216066
325.000000
663.000000
324.472954
663.527046
324.000000
665.000000
2
515.000000
659.000000
515.000000
667.333333
515.000000
675.666667
515.000000
684.000000
515.000000
688.000000
515.000000
696.000000
1
453.000000
675.000000
453.000000
678.073181
460.000000
681.000000
1
461.000000
681.000000
462.000000
681.000000
464.000000
681.000000
5
461.000000
681.000000
461.000000
675.768131
455.000000
661.623333
455.000000
654.000000
455.000000
653.289009
454.579954
651.000000
456.000000
651.000000
460.460294
651.000000
458.057982
658.115963
459.000000
660.000000
461.275578
664.551157
460.452481
673.452481
464.000000
677.000000
464.745356
677.745356
465.000000
680.000000
1
465.000000
681.000000
468.605551
681.000000
474.000000
687.000000
3
345.000000
683.000000
345.000000
684.206116
359.071397
702.071397
361.000000
704.000000
363.489124
706.489124
364.232570
709.232570
367.000000
712.000000
367.666667
712.666667
369.000000
714.000000
1
475.000000
687.000000
475.000000
689.134375
480.000000
691.000000
3
475.000000
687.000000
475.000000
682.541536
487.000000
683.304733
487.000000
688.000000
487.000000
691.310990
481.269961
686.730039
481.000000
687.000000
480.292893
687.707107
481.000000
690.000000
3
481.000000
691.000000
488.362949
691.000000
490.352592
697.000000
498.000000
697.000000
502.333333
697.000000
506.666667
697.000000
511.000000
697.000000
512.000000
697.000000
514.000000
697.000000
1
515.000000
697.000000
515.000000
701.333333
515.000000
710.000000
2
515.000000
711.000000
508.743728
711.000000
501.165881
713.668238
499.000000
718.000000
498.239883
719.520234
494.000000
719.000000
3
515.000000
711.000000
515.000000
721.562756
497.483097
729.000000
487.000000
729.000000
480.376582
729.000000
474.834950
725.000000
471.000000
725.000000
469.625631
725.000000
467.000000
724.000000
5
369.000000
715.000000
369.000000
720.063533
359.517262
722.482738
357.000000
725.000000
349.272697
732.727303
334.280046
740.140023
320.000000
733.000000
318.400000
732.200000
315.600000
733.800000
314.000000
733.000000
308.812590
730.406295
303.114909
725.000000
297.000000
725.000000
295.798150
725.000000
294.000000
723.000000
2
493.000000
719.000000
490.225919
719.000000
479.577754
710.422246
475.000000
715.000000
473.284062
716.715938
473.000000
722.000000
2
493.000000
719.000000
493.000000
722.573333
480.709855
723.000000
477.000000
723.000000
476.000000
723.000000
474.000000
723.000000
1
467.000000
723.000000
467.000000
721.333333
472.000000
723.000000
2
443.000000
645.000000
446.593641
645.000000
453.086515
653.000000
450.000000
653.000000
446.456618
653.000000
443.000000
645.000000
