curve(1).path = [373.000000, 137.000000 373.333333, 137.000000 374.000000, 137.000000 ;
];
curve(2).path = [373.000000, 137.000000 369.273220, 137.000000 363.000000, 142.000000 ;
];
curve(3).path = [373.000000, 137.000000 373.000000, 136.254644 375.000000, 136.000000 ;
];
curve(4).path = [375.000000, 137.000000 395.567040, 137.000000 407.185451, 144.592726 ;
424.000000, 153.000000 430.277137, 156.138569 436.964555, 163.964555 ;
442.000000, 169.000000 444.149922, 171.149922 447.000000, 172.877423 ;
447.000000, 176.000000 447.000000, 176.666667 447.000000, 178.000000 ;
];
curve(5).path = [279.000000, 141.000000 279.745356, 141.000000 281.000000, 142.000000 ;
];
curve(6).path = [279.000000, 141.000000 275.054860, 141.000000 258.830948, 135.169052 ;
255.000000, 139.000000 249.986207, 144.013793 226.080949, 145.919051 ;
221.000000, 151.000000 219.804592, 152.195408 219.510085, 156.244957 ;
218.000000, 157.000000 208.150515, 161.924742 200.905758, 169.094242 ;
193.000000, 177.000000 189.178672, 180.821328 187.134573, 186.865427 ;
183.000000, 191.000000 182.035864, 191.964136 185.959616, 194.080769 ;
185.000000, 196.000000 179.093443, 207.813114 181.885983, 218.942991 ;
194.000000, 225.000000 196.043805, 226.021903 194.007654, 223.000000 ;
196.000000, 223.000000 206.161494, 223.000000 206.328252, 225.835874 ;
216.000000, 221.000000 218.385139, 219.807430 224.000000, 221.000000 ;
];
curve(7).path = [279.000000, 141.000000 279.000000, 131.714832 237.507276, 140.492724 ;
237.000000, 141.000000 232.650214, 145.349786 223.299416, 144.700584 ;
219.000000, 149.000000 214.865427, 153.134573 208.821328, 155.178672 ;
205.000000, 159.000000 198.625706, 165.374294 193.504742, 172.495258 ;
187.000000, 179.000000 183.376833, 182.623167 176.895037, 201.104963 ;
173.000000, 205.000000 172.053530, 205.946470 169.000000, 213.880400 ;
169.000000, 215.000000 169.000000, 216.000000 169.000000, 218.000000 ;
];
curve(8).path = [281.000000, 143.000000 285.900889, 143.000000 292.686662, 136.343331 ;
286.000000, 133.000000 282.394174, 131.197087 273.120928, 133.000000 ;
269.000000, 133.000000 267.070222, 133.000000 262.337717, 129.662283 ;
261.000000, 131.000000 256.266715, 135.733285 237.745295, 130.254705 ;
235.000000, 133.000000 232.600327, 135.399673 226.967302, 133.032698 ;
225.000000, 135.000000 224.013680, 135.986320 221.728772, 136.271228 ;
221.000000, 137.000000 220.332263, 137.667737 222.102146, 141.000000 ;
220.000000, 141.000000 217.098563, 141.000000 214.262274, 137.737726 ;
211.000000, 141.000000 209.418160, 142.581840 208.185913, 145.907044 ;
206.000000, 147.000000 204.315037, 147.842481 200.324708, 147.675292 ;
199.000000, 149.000000 195.472468, 152.527532 195.257636, 155.484727 ;
193.000000, 160.000000 191.733676, 162.532648 188.378570, 159.621430 ;
187.000000, 161.000000 185.440996, 162.559004 179.684129, 174.157936 ;
178.000000, 175.000000 176.950859, 175.524570 173.798161, 174.201839 ;
173.000000, 175.000000 171.863091, 176.136909 175.000000, 177.257852 ;
175.000000, 178.000000 175.000000, 180.501846 169.933272, 180.066728 ;
169.000000, 181.000000 167.863091, 182.136909 171.000000, 183.257852 ;
171.000000, 184.000000 171.000000, 187.369774 162.577231, 189.422769 ;
161.000000, 191.000000 159.214097, 192.785903 165.000000, 192.972221 ;
165.000000, 194.000000 165.000000, 196.080880 163.597631, 194.402369 ;
163.000000, 195.000000 159.427020, 198.572980 159.241355, 205.517289 ;
157.000000, 210.000000 155.901098, 212.197804 154.111644, 209.888356 ;
153.000000, 211.000000 149.713517, 214.286483 155.741586, 234.516828 ;
155.000000, 236.000000 152.261239, 241.477522 153.000000, 243.481470 ;
153.000000, 248.000000 153.000000, 250.378501 147.000000, 251.647217 ;
147.000000, 255.000000 147.000000, 255.745356 146.000000, 257.000000 ;
];
curve(9).path = [281.000000, 143.000000 280.254644, 143.000000 280.000000, 145.000000 ;
];
curve(10).path = [281.000000, 143.000000 281.000000, 143.333333 281.000000, 144.000000 ;
];
curve(11).path = [363.000000, 143.000000 367.368317, 143.000000 372.553061, 140.723469 ;
376.000000, 139.000000 378.593337, 137.703332 380.230873, 140.115436 ;
382.000000, 141.000000 385.200000, 142.600000 390.800000, 139.400000 ;
394.000000, 141.000000 402.046818, 145.023409 409.920312, 148.960156 ;
418.000000, 153.000000 424.287621, 156.143810 433.139799, 164.139799 ;
438.000000, 169.000000 439.846119, 170.846119 444.067959, 179.000000 ;
445.000000, 179.000000 445.333333, 179.000000 446.000000, 179.000000 ;
];
curve(12).path = [363.000000, 143.000000 362.254644, 143.000000 361.000000, 144.000000 ;
];
curve(13).path = [363.000000, 143.000000 363.000000, 143.745356 362.000000, 145.000000 ;
];
curve(14).path = [281.000000, 145.000000 288.158148, 145.000000 283.094215, 168.094215 ;
284.000000, 169.000000 284.333333, 169.333333 285.000000, 170.000000 ;
];
curve(15).path = [357.000000, 145.000000 358.000000, 145.000000 360.000000, 145.000000 ;
];
curve(16).path = [357.000000, 145.000000 348.165076, 145.000000 362.530170, 125.000000 ;
366.000000, 125.000000 367.720459, 125.000000 370.371093, 130.185547 ;
372.000000, 131.000000 374.043805, 132.021903 372.007654, 129.000000 ;
374.000000, 129.000000 375.645924, 129.000000 380.358584, 132.179292 ;
382.000000, 133.000000 385.181477, 134.590738 393.364049, 133.000000 ;
397.000000, 133.000000 398.440067, 133.000000 402.893059, 137.106941 ;
405.000000, 135.000000 405.688628, 134.311372 405.830354, 131.915177 ;
408.000000, 133.000000 408.431769, 133.215885 414.896185, 141.103815 ;
417.000000, 139.000000 417.442856, 138.557144 419.149915, 135.000000 ;
420.000000, 135.000000 421.754498, 135.000000 420.655250, 137.310501 ;
421.000000, 138.000000 423.640009, 143.280018 426.160900, 141.000000 ;
428.000000, 141.000000 430.798799, 141.000000 430.423007, 146.211504 ;
432.000000, 147.000000 434.267113, 148.133556 437.661023, 147.830512 ;
440.000000, 149.000000 441.892059, 149.946029 441.310096, 153.655048 ;
444.000000, 155.000000 446.043805, 156.021903 444.007654, 153.000000 ;
446.000000, 153.000000 448.208775, 153.000000 448.342056, 160.684112 ;
449.000000, 162.000000 453.420391, 170.840782 462.977958, 173.955916 ;
467.000000, 182.000000 472.004461, 192.008923 480.408276, 208.204138 ;
486.000000, 211.000000 492.519780, 214.259890 495.941169, 234.058831 ;
495.000000, 235.000000 490.463997, 239.536003 504.363212, 255.363212 ;
506.000000, 257.000000 507.054093, 258.054093 510.000000, 259.000000 ;
];
curve(17).path = [357.000000, 145.000000 357.000000, 149.231253 351.818630, 160.181370 ;
349.000000, 163.000000 348.153020, 163.846980 353.000000, 169.114897 ;
353.000000, 170.000000 353.000000, 171.490712 349.000000, 172.000000 ;
];
curve(18).path = [285.000000, 171.000000 287.902566, 171.000000 295.229461, 177.614730 ;
298.000000, 179.000000 298.843274, 179.421637 300.000000, 181.000000 ;
];
curve(19).path = [285.000000, 171.000000 272.892691, 171.000000 264.558857, 173.000000 ;
252.000000, 173.000000 251.666667, 173.000000 251.235702, 172.764298 ;
251.000000, 173.000000 250.002250, 173.997750 249.473799, 176.263100 ;
248.000000, 177.000000 246.525292, 177.737354 242.121082, 175.878918 ;
241.000000, 177.000000 239.804592, 178.195408 239.510085, 182.244957 ;
238.000000, 183.000000 236.950859, 183.524570 233.798161, 182.201839 ;
233.000000, 183.000000 231.490940, 184.509060 236.651045, 185.302089 ;
237.000000, 186.000000 237.430867, 186.861734 238.903008, 197.096992 ;
243.000000, 193.000000 245.365552, 190.634448 248.393080, 193.606920 ;
249.000000, 193.000000 250.111644, 191.888356 247.802196, 190.098902 ;
250.000000, 189.000000 251.252081, 188.373959 270.261534, 186.130767 ;
272.000000, 187.000000 274.400000, 188.200000 275.600000, 191.800000 ;
278.000000, 193.000000 279.905886, 193.952943 287.000000, 193.744451 ;
287.000000, 198.000000 287.000000, 202.068572 260.818702, 199.181298 ;
259.000000, 201.000000 255.946761, 204.053239 253.712121, 207.424243 ;
255.000000, 210.000000 255.596285, 211.192570 255.000000, 214.000000 ;
];
curve(20).path = [349.000000, 173.000000 354.220315, 173.000000 390.739725, 175.369863 ;
394.000000, 177.000000 396.467873, 178.233937 396.116908, 180.233815 ;
397.000000, 182.000000 397.726850, 183.453699 405.000000, 184.540848 ;
405.000000, 186.000000 405.000000, 187.064803 404.163135, 191.918433 ;
402.000000, 193.000000 399.361942, 194.319029 386.661593, 190.330796 ;
384.000000, 189.000000 381.841823, 187.920911 349.351958, 190.648042 ;
347.000000, 193.000000 346.128397, 193.871603 348.589788, 195.589788 ;
349.000000, 196.000000 353.284861, 200.284861 355.580875, 196.790437 ;
360.000000, 199.000000 365.431078, 201.715539 372.776129, 200.388065 ;
378.000000, 203.000000 379.232877, 203.616438 382.383562, 206.767123 ;
383.000000, 208.000000 383.666667, 209.333333 381.000000, 212.000000 ;
];
curve(21).path = [349.000000, 173.000000 344.634821, 173.000000 343.828169, 175.000000 ;
339.000000, 175.000000 338.000000, 175.000000 336.000000, 175.000000 ;
];
curve(22).path = [335.000000, 175.000000 325.472378, 175.000000 324.611500, 157.000000 ;
321.000000, 157.000000 320.333333, 157.000000 319.471405, 156.528595 ;
319.000000, 157.000000 314.963560, 161.036440 317.545375, 166.909251 ;
315.000000, 172.000000 313.327383, 175.345234 309.026007, 174.973993 ;
307.000000, 177.000000 305.888356, 178.111644 308.197804, 179.901098 ;
306.000000, 181.000000 304.807430, 181.596285 302.000000, 181.000000 ;
];
curve(23).path = [335.000000, 175.000000 335.000000, 178.618260 328.871474, 179.128526 ;
327.000000, 181.000000 325.817844, 182.182156 326.545113, 185.454887 ;
325.000000, 187.000000 322.672362, 189.327638 328.058086, 198.116171 ;
329.000000, 200.000000 329.298142, 200.596285 329.000000, 202.000000 ;
];
curve(24).path = [447.000000, 179.000000 447.000000, 179.333333 447.000000, 180.000000 ;
];
curve(25).path = [301.000000, 181.000000 301.000000, 182.670468 311.271881, 188.543762 ;
313.000000, 192.000000 314.885618, 195.771236 309.000000, 204.000000 ;
];
curve(26).path = [447.000000, 181.000000 449.134375, 181.000000 451.000000, 186.000000 ;
];
curve(27).path = [447.000000, 181.000000 447.000000, 187.333333 447.000000, 193.666667 ;
447.000000, 200.000000 447.000000, 201.333333 447.000000, 204.000000 ;
];
curve(28).path = [451.000000, 187.000000 456.098685, 187.000000 459.350893, 200.701786 ;
461.000000, 204.000000 463.541166, 209.082332 471.699525, 211.399049 ;
475.000000, 218.000000 477.262750, 222.525500 474.795048, 229.590097 ;
477.000000, 234.000000 480.594367, 241.188733 485.159939, 250.159939 ;
491.000000, 256.000000 492.976311, 257.976311 495.522086, 261.761043 ;
498.000000, 263.000000 498.689499, 263.344750 501.000000, 262.245502 ;
501.000000, 264.000000 501.000000, 264.942809 499.000000, 266.000000 ;
];
curve(29).path = [451.000000, 187.000000 451.000000, 190.073181 453.000000, 196.000000 ;
];
curve(30).path = [453.000000, 197.000000 459.566713, 197.000000 450.457550, 219.542450 ;
449.000000, 221.000000 447.027039, 222.972961 448.292979, 229.414042 ;
447.000000, 232.000000 445.907044, 234.185913 442.581840, 235.418160 ;
441.000000, 237.000000 437.546889, 240.453111 441.618715, 242.381285 ;
437.000000, 247.000000 436.528595, 247.471405 437.000000, 248.333333 ;
437.000000, 249.000000 437.000000, 255.825413 435.000000, 263.068622 ;
435.000000, 268.000000 435.000000, 269.333333 435.000000, 272.000000 ;
];
curve(31).path = [453.000000, 197.000000 453.000000, 200.144660 448.000000, 205.000000 ;
];
curve(32).path = [329.000000, 203.000000 330.973013, 203.000000 347.486348, 210.486348 ;
349.000000, 212.000000 351.426703, 214.426703 358.000000, 217.000000 ;
];
curve(33).path = [329.000000, 203.000000 327.333333, 203.000000 325.000000, 206.000000 ;
];
curve(34).path = [309.000000, 205.000000 311.027588, 205.000000 315.000000, 206.000000 ;
];
curve(35).path = [309.000000, 205.000000 302.503758, 205.000000 292.938615, 209.061385 ;
289.000000, 213.000000 287.821489, 214.178511 286.000000, 217.000000 ;
];
curve(36).path = [447.000000, 205.000000 447.000000, 205.333333 447.000000, 206.000000 ;
];
curve(37).path = [315.000000, 207.000000 308.282473, 207.000000 311.847744, 211.076128 ;
308.000000, 213.000000 304.640425, 214.679788 299.231731, 208.768269 ;
295.000000, 213.000000 292.494451, 215.505549 288.000000, 221.000000 ;
];
curve(38).path = [315.000000, 207.000000 315.000000, 210.000000 324.000000, 207.000000 ;
];
curve(39).path = [325.000000, 207.000000 331.308661, 207.000000 327.952648, 212.976324 ;
332.000000, 215.000000 337.240821, 217.620410 336.306854, 211.000000 ;
338.000000, 211.000000 339.829606, 211.000000 349.907975, 215.953988 ;
352.000000, 217.000000 353.892059, 217.946029 353.310096, 221.655048 ;
356.000000, 223.000000 356.843274, 223.421637 358.000000, 221.000000 ;
];
curve(40).path = [447.000000, 207.000000 441.601377, 207.000000 437.053812, 214.473094 ;
432.000000, 217.000000 427.757720, 219.121140 416.848311, 217.000000 ;
412.000000, 217.000000 408.666667, 217.000000 402.000000, 217.000000 ;
];
curve(41).path = [447.000000, 207.000000 447.000000, 221.887085 434.271901, 221.000000 ;
421.000000, 221.000000 416.333333, 221.000000 411.666667, 221.000000 ;
407.000000, 221.000000 406.000000, 221.000000 404.000000, 221.000000 ;
];
curve(42).path = [381.000000, 213.000000 385.506331, 213.000000 393.937233, 214.968616 ;
398.000000, 217.000000 398.596285, 217.298142 400.000000, 217.000000 ;
];
curve(43).path = [381.000000, 213.000000 378.763932, 213.000000 375.000000, 216.000000 ;
];
curve(44).path = [249.000000, 215.000000 250.000000, 215.000000 252.000000, 215.000000 ;
];
curve(45).path = [249.000000, 215.000000 243.925865, 215.000000 241.392015, 215.303992 ;
238.000000, 217.000000 237.578363, 217.210819 237.000000, 218.000000 ;
];
curve(46).path = [249.000000, 215.000000 249.000000, 218.901567 238.000000, 219.000000 ;
];
curve(47).path = [253.000000, 215.000000 253.333333, 215.000000 254.000000, 215.000000 ;
];
curve(48).path = [253.000000, 215.000000 253.000000, 215.333333 253.000000, 216.000000 ;
];
curve(49).path = [255.000000, 215.000000 261.666667, 215.000000 268.333333, 215.000000 ;
275.000000, 215.000000 278.349959, 215.000000 285.000000, 216.000000 ;
];
curve(50).path = [253.000000, 217.000000 259.516141, 217.000000 261.294515, 233.410970 ;
259.000000, 238.000000 257.309693, 241.380614 254.833998, 244.332005 ;
253.000000, 248.000000 251.133978, 251.732044 247.023333, 248.976667 ;
245.000000, 251.000000 243.028582, 252.971418 239.367365, 260.316317 ;
238.000000, 261.000000 237.396226, 261.301887 235.462264, 260.537736 ;
235.000000, 261.000000 233.580996, 262.419004 233.909131, 272.181739 ;
233.000000, 274.000000 231.864708, 276.270585 226.000000, 277.000000 ;
];
curve(51).path = [253.000000, 217.000000 248.969460, 217.000000 247.108201, 221.000000 ;
242.000000, 221.000000 240.666667, 221.000000 238.000000, 221.000000 ;
];
curve(52).path = [285.000000, 217.000000 283.625631, 217.000000 286.000000, 221.000000 ;
];
curve(53).path = [359.000000, 217.000000 363.000000, 217.000000 367.000000, 217.000000 ;
371.000000, 217.000000 372.000000, 217.000000 374.000000, 217.000000 ;
];
curve(54).path = [359.000000, 217.000000 359.000000, 218.000000 359.000000, 220.000000 ;
];
curve(55).path = [375.000000, 217.000000 378.000000, 217.000000 384.000000, 217.000000 ;
];
curve(56).path = [385.000000, 217.000000 387.426703, 217.000000 392.000000, 219.000000 ;
];
curve(57).path = [385.000000, 217.000000 385.000000, 218.666667 388.000000, 221.000000 ;
];
curve(58).path = [401.000000, 217.000000 401.000000, 217.745356 400.000000, 219.000000 ;
];
curve(59).path = [169.000000, 219.000000 171.322494, 219.000000 170.595678, 217.000000 ;
172.000000, 217.000000 176.029761, 217.000000 182.182413, 229.091206 ;
186.000000, 231.000000 191.616916, 233.808458 198.859988, 233.429994 ;
202.000000, 235.000000 203.205774, 235.602887 210.492293, 227.753853 ;
212.000000, 227.000000 213.739992, 226.130004 221.698145, 223.000000 ;
223.000000, 223.000000 223.745356, 223.000000 225.000000, 222.000000 ;
];
curve(60).path = [169.000000, 219.000000 169.000000, 220.666667 169.000000, 224.000000 ;
];
curve(61).path = [237.000000, 219.000000 235.917855, 219.000000 233.762484, 216.237516 ;
233.000000, 217.000000 230.812335, 219.187665 229.800003, 219.000000 ;
226.000000, 219.000000 225.528595, 219.000000 225.000000, 220.000000 ;
];
curve(62).path = [237.000000, 219.000000 237.000000, 219.333333 237.000000, 220.000000 ;
];
curve(63).path = [317.000000, 219.000000 318.795055, 219.000000 322.000000, 221.000000 ;
];
curve(64).path = [317.000000, 219.000000 315.625631, 219.000000 313.000000, 220.000000 ;
];
curve(65).path = [317.000000, 219.000000 317.000000, 220.201850 314.000000, 221.000000 ;
];
curve(66).path = [317.000000, 219.000000 317.000000, 216.972412 323.000000, 220.000000 ;
];
curve(67).path = [393.000000, 219.000000 394.666667, 219.000000 398.000000, 219.000000 ;
];
curve(68).path = [393.000000, 219.000000 393.000000, 219.333333 393.000000, 220.000000 ;
];
curve(69).path = [399.000000, 219.000000 399.000000, 219.333333 399.000000, 220.000000 ;
];
curve(70).path = [225.000000, 221.000000 227.333333, 221.000000 232.000000, 221.000000 ;
];
curve(71).path = [233.000000, 221.000000 234.000000, 221.000000 236.000000, 221.000000 ;
];
curve(72).path = [233.000000, 221.000000 233.000000, 224.390890 225.102668, 228.897332 ;
223.000000, 231.000000 220.597562, 233.402438 222.275671, 243.724329 ;
219.000000, 247.000000 216.768215, 249.231785 219.000000, 265.492923 ;
219.000000, 269.000000 219.000000, 272.901567 215.000000, 280.000000 ;
];
curve(73).path = [237.000000, 221.000000 237.000000, 226.056742 233.566396, 224.433604 ;
231.000000, 227.000000 227.741214, 230.258786 230.347582, 237.652418 ;
227.000000, 241.000000 225.388023, 242.611977 225.875044, 266.124956 ;
223.000000, 269.000000 221.284062, 270.715938 225.000000, 276.000000 ;
];
curve(74).path = [287.000000, 221.000000 287.000000, 227.597439 287.170079, 237.585040 ;
294.000000, 241.000000 294.754817, 241.377408 298.689077, 236.621846 ;
299.000000, 236.000000 299.912639, 234.174722 305.000000, 233.067026 ;
305.000000, 232.000000 305.000000, 230.945907 306.000000, 229.000000 ;
];
curve(75).path = [313.000000, 221.000000 309.804866, 221.000000 307.000000, 223.135324 ;
307.000000, 226.000000 307.000000, 226.666667 307.000000, 228.000000 ;
];
curve(76).path = [313.000000, 221.000000 313.000000, 224.144660 308.000000, 229.000000 ;
];
curve(77).path = [323.000000, 221.000000 324.000000, 221.000000 326.000000, 221.000000 ;
];
curve(78).path = [327.000000, 221.000000 328.201850, 221.000000 329.000000, 224.000000 ;
];
curve(79).path = [327.000000, 221.000000 327.000000, 222.374369 328.000000, 225.000000 ;
];
curve(80).path = [359.000000, 221.000000 359.000000, 233.288906 351.892527, 238.946264 ;
340.000000, 233.000000 337.956195, 231.978097 339.992346, 235.000000 ;
338.000000, 235.000000 333.757359, 235.000000 329.000000, 226.000000 ;
];
curve(81).path = [389.000000, 221.000000 390.000000, 221.000000 392.000000, 221.000000 ;
];
curve(82).path = [389.000000, 221.000000 389.000000, 222.111541 378.273201, 230.546403 ;
381.000000, 236.000000 383.486458, 240.972916 403.000000, 252.011051 ;
403.000000, 254.000000 403.000000, 256.229196 397.890018, 253.780035 ;
399.000000, 256.000000 399.208049, 256.416098 410.305420, 258.847290 ;
406.000000, 261.000000 405.396226, 261.301887 403.462264, 260.537736 ;
403.000000, 261.000000 401.580956, 262.419044 407.927003, 271.000000 ;
412.000000, 271.000000 412.666667, 271.000000 414.000000, 271.000000 ;
];
curve(83).path = [393.000000, 221.000000 394.000000, 221.000000 396.000000, 221.000000 ;
];
curve(84).path = [397.000000, 221.000000 397.333333, 221.000000 398.000000, 221.000000 ;
];
curve(85).path = [397.000000, 221.000000 397.000000, 226.121744 405.143900, 226.287801 ;
407.000000, 230.000000 408.537026, 233.074051 409.371165, 236.742330 ;
411.000000, 240.000000 412.076475, 242.152949 408.748263, 249.496527 ;
411.000000, 254.000000 413.042223, 258.084447 414.933850, 261.867701 ;
417.000000, 266.000000 417.666667, 267.333333 415.000000, 270.000000 ;
];
curve(86).path = [399.000000, 221.000000 400.000000, 221.000000 402.000000, 221.000000 ;
];
curve(87).path = [403.000000, 221.000000 403.000000, 227.114114 412.281476, 234.562952 ;
415.000000, 240.000000 417.968191, 245.936382 416.523142, 259.046284 ;
419.000000, 264.000000 420.909043, 267.818086 429.000000, 272.000000 ;
];
curve(88).path = [169.000000, 225.000000 170.334787, 225.000000 176.089792, 233.089792 ;
178.000000, 235.000000 183.475775, 240.475775 195.509582, 245.019164 ;
199.000000, 252.000000 201.223264, 256.446529 199.011989, 256.023977 ;
201.000000, 260.000000 202.454091, 262.908182 200.889974, 277.779948 ;
201.000000, 278.000000 201.632456, 279.264911 204.000000, 281.000000 ;
];
curve(89).path = [169.000000, 225.000000 167.204945, 225.000000 167.000000, 230.000000 ;
];
curve(90).path = [167.000000, 231.000000 165.233915, 231.000000 158.559309, 233.118618 ;
159.000000, 234.000000 160.054093, 236.108185 166.000000, 235.000000 ;
];
curve(91).path = [167.000000, 231.000000 167.000000, 232.374369 168.000000, 235.000000 ;
];
curve(92).path = [167.000000, 235.000000 167.000000, 235.333333 167.000000, 236.000000 ;
];
curve(93).path = [167.000000, 237.000000 166.389758, 237.000000 163.389638, 236.610362 ;
163.000000, 237.000000 162.150163, 237.849837 166.000000, 239.000000 ;
];
curve(94).path = [167.000000, 237.000000 167.000000, 237.333333 167.000000, 238.000000 ;
];
curve(95).path = [107.000000, 239.000000 108.418361, 239.000000 127.087995, 249.543997 ;
130.000000, 251.000000 135.933740, 253.966870 137.141168, 252.570584 ;
142.000000, 255.000000 142.942809, 255.471405 145.000000, 256.000000 ;
];
curve(96).path = [107.000000, 239.000000 107.000000, 240.372121 107.524977, 242.237511 ;
106.000000, 243.000000 104.525292, 243.737354 100.121082, 241.878918 ;
99.000000, 243.000000 97.397781, 244.602219 86.622096, 256.688952 ;
86.000000, 257.000000 85.396226, 257.301887 83.462264, 256.537736 ;
83.000000, 257.000000 78.092752, 261.907248 78.213104, 279.573792 ;
75.000000, 286.000000 72.460646, 291.078708 71.069389, 298.930611 ;
67.000000, 303.000000 65.072618, 304.927382 67.000000, 318.971277 ;
67.000000, 322.000000 67.000000, 324.747196 64.589268, 327.410732 ;
63.000000, 329.000000 62.264298, 329.735702 63.804738, 330.804738 ;
64.000000, 331.000000 68.829283, 335.829283 63.738772, 353.477543 ;
67.000000, 360.000000 68.600000, 363.200000 65.400000, 368.800000 ;
67.000000, 372.000000 70.042250, 378.084501 73.097273, 383.548637 ;
80.000000, 387.000000 82.133333, 388.066667 85.866667, 385.933333 ;
88.000000, 387.000000 89.848757, 387.924379 89.803802, 396.196198 ;
93.000000, 393.000000 93.597631, 392.402369 91.919120, 391.000000 ;
94.000000, 391.000000 100.581864, 391.000000 101.425232, 398.287384 ;
108.000000, 395.000000 110.593337, 393.703332 112.230873, 396.115436 ;
114.000000, 397.000000 116.969277, 398.484639 124.606568, 397.000000 ;
128.000000, 397.000000 129.333333, 397.000000 132.000000, 397.000000 ;
];
curve(97).path = [107.000000, 239.000000 107.000000, 234.158653 102.177519, 225.644962 ;
105.000000, 220.000000 108.305713, 213.388574 109.768711, 204.231289 ;
115.000000, 199.000000 116.136909, 197.863091 113.000000, 196.742148 ;
113.000000, 196.000000 113.000000, 194.509288 114.333333, 193.333333 ;
115.000000, 192.000000 117.015641, 187.968718 122.384849, 185.615151 ;
125.000000, 183.000000 125.798161, 182.201839 124.475430, 179.049141 ;
125.000000, 178.000000 129.764191, 168.471618 139.492034, 163.015932 ;
145.000000, 152.000000 146.313143, 149.373714 149.540300, 150.459700 ;
151.000000, 149.000000 155.287712, 144.712288 157.814705, 136.092648 ;
164.000000, 133.000000 166.683954, 131.658023 170.894511, 133.105489 ;
173.000000, 131.000000 174.495153, 129.504847 176.372075, 123.813962 ;
178.000000, 123.000000 180.768884, 121.615558 186.798842, 121.201158 ;
189.000000, 119.000000 190.111644, 117.888356 187.802196, 116.098902 ;
190.000000, 115.000000 193.192456, 113.403772 200.459508, 113.540492 ;
203.000000, 111.000000 204.111644, 109.888356 201.802196, 108.098902 ;
204.000000, 107.000000 206.585958, 105.707021 213.027039, 106.972961 ;
215.000000, 105.000000 216.111644, 103.888356 213.802196, 102.098902 ;
216.000000, 101.000000 217.474708, 100.262646 221.878918, 102.121082 ;
223.000000, 101.000000 224.333604, 99.666396 226.260416, 97.869792 ;
228.000000, 97.000000 230.320134, 95.839933 237.236619, 98.763381 ;
239.000000, 97.000000 239.997750, 96.002250 240.526201, 93.736900 ;
242.000000, 93.000000 243.919231, 92.040384 246.035864, 95.964136 ;
247.000000, 95.000000 254.026624, 87.973376 275.066226, 94.466887 ;
282.000000, 91.000000 285.463161, 89.268419 294.478883, 93.042234 ;
295.000000, 92.000000 296.800594, 88.398811 301.334658, 93.000000 ;
303.000000, 93.000000 306.306654, 93.000000 308.865710, 89.432855 ;
312.000000, 91.000000 314.664749, 92.332375 322.075010, 105.924990 ;
325.000000, 103.000000 326.810316, 101.189684 325.930567, 100.138865 ;
327.000000, 98.000000 328.672617, 94.654766 332.973993, 95.026007 ;
335.000000, 93.000000 336.111644, 91.888356 333.802196, 90.098902 ;
336.000000, 89.000000 338.332470, 87.833765 344.334376, 89.000000 ;
347.000000, 89.000000 354.485687, 89.000000 366.482417, 87.000000 ;
374.000000, 87.000000 375.645924, 87.000000 380.358584, 90.179292 ;
382.000000, 91.000000 385.114233, 92.557117 386.803333, 89.000000 ;
388.000000, 89.000000 390.422767, 89.000000 397.518781, 93.759390 ;
400.000000, 95.000000 402.043805, 96.021903 400.007654, 93.000000 ;
402.000000, 93.000000 403.645924, 93.000000 408.358584, 96.179292 ;
410.000000, 97.000000 411.600000, 97.800000 414.400000, 96.200000 ;
416.000000, 97.000000 432.582260, 105.291130 444.022024, 112.011012 ;
458.000000, 119.000000 463.186690, 121.593345 462.813310, 128.406655 ;
468.000000, 131.000000 470.338977, 132.169488 473.732887, 131.866444 ;
476.000000, 133.000000 478.201732, 134.100866 491.485981, 148.971962 ;
493.000000, 152.000000 496.125747, 158.251493 509.815362, 163.630724 ;
513.000000, 170.000000 521.223182, 186.446364 535.831760, 195.663520 ;
543.000000, 210.000000 543.800000, 211.600000 542.200000, 214.400000 ;
543.000000, 216.000000 545.514124, 221.028248 549.838595, 224.161405 ;
545.000000, 229.000000 542.826933, 231.173067 543.000000, 238.000000 ;
];
curve(98).path = [167.000000, 239.000000 167.000000, 243.552645 164.176466, 252.911767 ;
160.000000, 255.000000 159.057191, 255.471405 159.000000, 258.000000 ;
];
curve(99).path = [543.000000, 239.000000 537.857878, 239.000000 526.927734, 252.144533 ;
525.000000, 256.000000 523.567839, 258.864321 518.646564, 255.353436 ;
517.000000, 257.000000 516.557144, 257.442856 514.850085, 261.000000 ;
514.000000, 261.000000 513.057191, 261.000000 512.000000, 259.000000 ;
];
curve(100).path = [543.000000, 239.000000 543.000000, 241.365225 550.140295, 242.070148 ;
552.000000, 243.000000 554.192723, 244.096361 552.198382, 246.396763 ;
553.000000, 248.000000 555.716372, 253.432745 562.283628, 256.567255 ;
565.000000, 262.000000 567.094897, 266.189794 570.842360, 269.684721 ;
573.000000, 274.000000 573.800000, 275.600000 572.200000, 278.400000 ;
573.000000, 280.000000 574.905896, 283.811793 579.142467, 286.284934 ;
581.000000, 290.000000 584.070337, 296.140675 583.828913, 303.657825 ;
587.000000, 310.000000 588.812974, 313.625949 589.000000, 324.017385 ;
589.000000, 328.000000 589.000000, 329.822177 586.732466, 331.464932 ;
587.000000, 332.000000 588.961637, 335.923275 591.432132, 349.135736 ;
589.000000, 354.000000 587.733676, 356.532648 584.378570, 353.621430 ;
583.000000, 355.000000 581.661335, 356.338665 581.153976, 371.692048 ;
579.000000, 376.000000 578.261514, 377.476971 562.193385, 387.903308 ;
560.000000, 389.000000 558.102251, 389.948875 552.442433, 387.557567 ;
551.000000, 389.000000 550.002250, 389.997750 549.473799, 392.263100 ;
548.000000, 393.000000 547.565867, 393.217067 532.410659, 397.000000 ;
532.000000, 397.000000 529.140040, 397.000000 523.230075, 395.539849 ;
523.000000, 396.000000 521.353455, 399.293090 512.000000, 397.000000 ;
];
curve(101).path = [145.000000, 257.000000 145.000000, 258.201850 143.000000, 260.000000 ;
];
curve(102).path = [159.000000, 259.000000 166.957092, 259.000000 171.700475, 239.850237 ;
186.000000, 247.000000 191.950420, 249.975210 199.000000, 271.683878 ;
199.000000, 274.000000 199.000000, 276.102146 195.667737, 274.332263 ;
195.000000, 275.000000 193.490940, 276.509060 198.651045, 277.302089 ;
199.000000, 278.000000 200.084823, 280.169646 197.688628, 280.311372 ;
197.000000, 281.000000 196.237516, 281.762484 199.000000, 283.917855 ;
199.000000, 285.000000 199.000000, 285.745356 200.000000, 287.000000 ;
];
curve(103).path = [159.000000, 259.000000 158.254644, 259.000000 157.000000, 260.000000 ;
];
curve(104).path = [511.000000, 259.000000 511.000000, 260.666667 514.000000, 263.000000 ;
];
curve(105).path = [143.000000, 261.000000 147.333333, 261.000000 156.000000, 261.000000 ;
];
curve(106).path = [143.000000, 261.000000 143.000000, 261.333333 143.000000, 262.000000 ;
];
curve(107).path = [157.000000, 261.000000 157.000000, 261.333333 157.000000, 262.000000 ;
];
curve(108).path = [465.000000, 261.000000 466.666667, 261.000000 470.000000, 261.000000 ;
];
curve(109).path = [465.000000, 261.000000 465.000000, 263.214906 460.275836, 263.724164 ;
459.000000, 265.000000 458.025835, 265.974165 457.543866, 272.456134 ;
455.000000, 275.000000 452.811474, 277.188526 454.665400, 293.334600 ;
451.000000, 297.000000 447.332912, 300.667088 453.129711, 314.870289 ;
451.000000, 317.000000 450.735294, 317.264706 451.000000, 319.588235 ;
451.000000, 320.000000 451.000000, 320.948031 450.584759, 323.169518 ;
451.000000, 324.000000 451.814453, 325.628907 457.000000, 328.279541 ;
457.000000, 330.000000 457.000000, 332.867442 450.000000, 335.000000 ;
];
curve(110).path = [465.000000, 261.000000 465.000000, 258.972412 471.000000, 260.000000 ;
];
curve(111).path = [471.000000, 261.000000 479.292977, 261.000000 483.241158, 263.620579 ;
490.000000, 267.000000 492.385139, 268.192570 498.000000, 267.000000 ;
];
curve(112).path = [143.000000, 263.000000 145.333333, 263.000000 150.000000, 263.000000 ;
];
curve(113).path = [143.000000, 263.000000 138.370720, 263.000000 135.791597, 266.208403 ;
133.000000, 269.000000 132.472954, 269.527046 132.000000, 271.000000 ;
];
curve(114).path = [143.000000, 263.000000 143.000000, 264.795055 148.000000, 265.000000 ;
];
curve(115).path = [151.000000, 263.000000 152.666667, 263.000000 156.000000, 263.000000 ;
];
curve(116).path = [151.000000, 263.000000 151.000000, 263.745356 150.000000, 265.000000 ;
];
curve(117).path = [157.000000, 263.000000 165.029664, 263.000000 187.444017, 280.888034 ;
191.000000, 288.000000 192.528152, 291.056304 199.000000, 293.444459 ;
199.000000, 297.000000 199.000000, 297.745356 200.000000, 299.000000 ;
];
curve(118).path = [515.000000, 263.000000 515.745356, 263.000000 517.000000, 264.000000 ;
];
curve(119).path = [515.000000, 263.000000 515.000000, 263.745356 516.000000, 265.000000 ;
];
curve(120).path = [149.000000, 265.000000 149.000000, 271.024629 139.546817, 268.453183 ;
137.000000, 271.000000 134.826933, 273.173067 131.000000, 278.000000 ;
];
curve(121).path = [517.000000, 265.000000 519.603417, 265.000000 523.000000, 270.000000 ;
];
curve(122).path = [499.000000, 267.000000 503.149706, 267.000000 514.660671, 270.678657 ;
515.000000, 270.000000 515.210819, 269.578363 516.000000, 269.000000 ;
];
curve(123).path = [517.000000, 269.000000 518.795055, 269.000000 522.000000, 271.000000 ;
];
curve(124).path = [517.000000, 269.000000 517.000000, 270.494941 521.834539, 273.669079 ;
523.000000, 276.000000 528.786339, 287.572678 533.162904, 300.325808 ;
539.000000, 312.000000 542.440450, 318.880900 539.000000, 328.395781 ;
539.000000, 335.000000 539.000000, 339.000000 539.000000, 343.000000 ;
539.000000, 347.000000 539.000000, 348.000000 539.000000, 350.000000 ;
];
curve(125).path = [131.000000, 271.000000 130.254644, 271.000000 129.000000, 272.000000 ;
];
curve(126).path = [131.000000, 271.000000 131.000000, 271.745356 130.000000, 273.000000 ;
];
curve(127).path = [415.000000, 271.000000 415.745356, 271.000000 417.000000, 272.000000 ;
];
curve(128).path = [523.000000, 271.000000 523.000000, 276.190157 530.661988, 283.323977 ;
533.000000, 288.000000 537.739155, 297.478310 540.265236, 308.530472 ;
545.000000, 318.000000 546.536131, 321.072261 542.332796, 343.667204 ;
541.000000, 345.000000 539.863091, 346.136909 543.000000, 347.257852 ;
543.000000, 348.000000 543.000000, 349.414214 540.000000, 351.000000 ;
];
curve(129).path = [129.000000, 273.000000 122.990748, 273.000000 119.000000, 288.000000 ;
];
curve(130).path = [417.000000, 273.000000 417.745356, 273.000000 418.000000, 275.000000 ;
];
curve(131).path = [417.000000, 273.000000 417.000000, 273.333333 417.000000, 274.000000 ;
];
curve(132).path = [429.000000, 273.000000 431.326555, 273.000000 431.774246, 276.451509 ;
433.000000, 274.000000 433.210819, 273.578363 434.000000, 273.000000 ;
];
curve(133).path = [429.000000, 273.000000 416.158882, 273.000000 429.445712, 288.891424 ;
433.000000, 296.000000 434.229273, 298.458545 435.000000, 304.000000 ;
];
curve(134).path = [435.000000, 273.000000 440.145913, 273.000000 437.400507, 282.400507 ;
438.000000, 283.000000 439.443673, 284.443673 442.017325, 297.965350 ;
441.000000, 300.000000 439.945907, 302.108185 436.000000, 305.000000 ;
];
curve(135).path = [417.000000, 275.000000 412.585401, 275.000000 413.723913, 277.447826 ;
415.000000, 280.000000 415.298142, 280.596285 415.000000, 282.000000 ;
];
curve(136).path = [225.000000, 277.000000 225.000000, 280.431361 228.412099, 285.175802 ;
227.000000, 288.000000 226.578363, 288.843274 225.000000, 290.000000 ;
];
curve(137).path = [131.000000, 279.000000 130.254644, 279.000000 129.000000, 280.000000 ;
];
curve(138).path = [131.000000, 279.000000 131.000000, 279.745356 130.000000, 281.000000 ;
];
curve(139).path = [129.000000, 281.000000 128.463791, 281.000000 122.080722, 285.919278 ;
121.000000, 287.000000 120.472954, 287.527046 120.000000, 289.000000 ;
];
curve(140).path = [205.000000, 281.000000 206.337189, 281.000000 209.302505, 284.697495 ;
211.000000, 283.000000 211.849837, 282.150163 214.000000, 281.000000 ;
];
curve(141).path = [205.000000, 281.000000 205.000000, 283.236068 202.000000, 287.000000 ;
];
curve(142).path = [215.000000, 281.000000 215.000000, 287.212923 209.000000, 294.491309 ;
209.000000, 302.000000 209.000000, 307.841453 210.574677, 313.149354 ;
213.000000, 318.000000 213.596285, 319.192570 213.000000, 322.000000 ;
];
curve(143).path = [415.000000, 283.000000 416.372121, 283.000000 418.237511, 282.475023 ;
419.000000, 284.000000 421.133333, 288.266667 416.866667, 295.733333 ;
419.000000, 300.000000 419.652835, 301.305671 423.000000, 304.677489 ;
423.000000, 306.000000 423.000000, 306.850085 419.442856, 308.557144 ;
419.000000, 309.000000 417.817844, 310.182156 418.545113, 313.454887 ;
417.000000, 315.000000 416.472954, 315.527046 416.000000, 317.000000 ;
];
curve(144).path = [415.000000, 283.000000 408.102205, 283.000000 411.000000, 288.841399 ;
411.000000, 292.000000 411.000000, 294.444601 403.952748, 292.047252 ;
403.000000, 293.000000 402.472954, 293.527046 404.000000, 295.000000 ;
];
curve(145).path = [201.000000, 287.000000 201.000000, 290.666667 201.000000, 298.000000 ;
];
curve(146).path = [119.000000, 289.000000 113.309684, 289.000000 114.850512, 296.298976 ;
113.000000, 300.000000 109.424174, 307.151652 109.014765, 342.985235 ;
109.000000, 343.000000 107.159106, 344.840894 114.000000, 349.000000 ;
];
curve(147).path = [119.000000, 289.000000 119.000000, 294.211605 116.276407, 303.723593 ;
113.000000, 307.000000 111.863091, 308.136909 115.000000, 309.257852 ;
115.000000, 310.000000 115.000000, 312.499711 111.000000, 309.446537 ;
111.000000, 312.000000 111.000000, 317.875379 113.000000, 325.444411 ;
113.000000, 330.000000 113.000000, 331.377134 109.584915, 331.169831 ;
111.000000, 334.000000 112.043790, 336.087581 113.956210, 333.912419 ;
115.000000, 336.000000 116.788854, 339.577709 115.000000, 348.000000 ;
];
curve(148).path = [225.000000, 291.000000 226.201850, 291.000000 228.000000, 293.000000 ;
];
curve(149).path = [225.000000, 291.000000 225.000000, 293.426703 227.000000, 298.000000 ;
];
curve(150).path = [229.000000, 293.000000 229.745356, 293.000000 231.000000, 294.000000 ;
];
curve(151).path = [229.000000, 293.000000 229.000000, 295.027588 228.000000, 299.000000 ;
];
curve(152).path = [231.000000, 295.000000 231.333333, 295.000000 232.000000, 295.000000 ;
];
curve(153).path = [231.000000, 295.000000 231.000000, 295.745356 233.000000, 296.000000 ;
];
curve(154).path = [233.000000, 295.000000 233.000000, 294.194572 232.470083, 291.000000 ;
234.000000, 291.000000 235.699673, 291.000000 235.000000, 296.000000 ;
];
curve(155).path = [405.000000, 295.000000 408.529124, 295.000000 406.081107, 298.162215 ;
407.000000, 300.000000 407.788496, 301.576993 413.000000, 301.201201 ;
413.000000, 304.000000 413.000000, 306.297306 403.907660, 303.815319 ;
405.000000, 306.000000 405.723691, 307.447381 414.387436, 308.193718 ;
416.000000, 309.000000 421.043445, 311.521722 413.155275, 312.844725 ;
413.000000, 313.000000 412.150163, 313.849837 415.000000, 316.000000 ;
];
curve(156).path = [405.000000, 295.000000 405.000000, 296.201850 402.000000, 297.000000 ;
];
curve(157).path = [235.000000, 297.000000 236.795055, 297.000000 240.000000, 299.000000 ;
];
curve(158).path = [235.000000, 297.000000 235.000000, 298.372121 234.475023, 300.237511 ;
236.000000, 301.000000 237.520234, 301.760117 241.000000, 300.000000 ;
];
curve(159).path = [395.000000, 297.000000 395.333333, 297.000000 396.000000, 297.000000 ;
];
curve(160).path = [395.000000, 297.000000 385.299825, 297.000000 382.204433, 311.000000 ;
374.000000, 311.000000 371.592566, 311.000000 360.159506, 305.840494 ;
357.000000, 309.000000 356.176198, 309.823802 357.053920, 311.000000 ;
355.000000, 311.000000 353.625631, 311.000000 351.000000, 310.000000 ;
];
curve(161).path = [395.000000, 297.000000 395.000000, 302.971816 393.744771, 300.255229 ;
391.000000, 303.000000 389.214097, 304.785903 395.000000, 304.972221 ;
395.000000, 306.000000 395.000000, 306.850085 391.442856, 308.557144 ;
391.000000, 309.000000 389.878340, 310.121660 396.492930, 313.507070 ;
393.000000, 317.000000 391.284062, 318.715938 395.000000, 321.573297 ;
395.000000, 324.000000 395.000000, 327.125101 391.905931, 329.811862 ;
393.000000, 332.000000 394.054093, 334.108185 400.000000, 333.000000 ;
];
curve(162).path = [397.000000, 297.000000 398.000000, 297.000000 400.000000, 297.000000 ;
];
curve(163).path = [397.000000, 297.000000 397.000000, 298.372121 396.475023, 300.237511 ;
398.000000, 301.000000 399.264911, 301.632456 401.000000, 298.000000 ;
];
curve(164).path = [201.000000, 299.000000 201.000000, 302.296075 198.266471, 308.532942 ;
199.000000, 310.000000 200.046914, 312.093827 202.495045, 315.009909 ;
201.000000, 318.000000 200.109458, 319.781084 200.064713, 321.870574 ;
199.000000, 324.000000 197.786667, 326.426667 197.146667, 323.573333 ;
196.000000, 323.000000 193.371701, 321.685851 191.794548, 331.589095 ;
193.000000, 334.000000 194.043790, 336.087581 195.956210, 333.912419 ;
197.000000, 336.000000 197.800000, 337.600000 196.200000, 340.400000 ;
197.000000, 342.000000 200.027786, 348.055572 201.006254, 341.503127 ;
204.000000, 343.000000 209.861675, 345.930838 209.882826, 350.117174 ;
211.000000, 349.000000 211.911607, 348.088393 211.000000, 341.432329 ;
211.000000, 340.000000 211.000000, 337.891815 213.000000, 334.000000 ;
];
curve(165).path = [227.000000, 299.000000 221.443599, 299.000000 224.030202, 301.969798 ;
221.000000, 305.000000 219.730704, 306.269296 223.000000, 310.000000 ;
];
curve(166).path = [227.000000, 299.000000 227.000000, 303.383120 227.574049, 306.425951 ;
225.000000, 309.000000 224.472954, 309.527046 224.000000, 311.000000 ;
];
curve(167).path = [241.000000, 299.000000 241.745356, 299.000000 243.000000, 300.000000 ;
];
curve(168).path = [243.000000, 301.000000 243.333333, 301.000000 244.000000, 301.000000 ;
];
curve(169).path = [243.000000, 301.000000 243.000000, 301.745356 245.000000, 302.000000 ;
];
curve(170).path = [245.000000, 301.000000 245.745356, 301.000000 247.000000, 302.000000 ;
];
curve(171).path = [247.000000, 303.000000 250.679084, 303.000000 256.875256, 305.124744 ;
255.000000, 307.000000 254.310321, 307.689679 255.739650, 308.869825 ;
256.000000, 309.000000 263.449633, 312.724816 280.967020, 303.967020 ;
287.000000, 310.000000 287.471405, 310.471405 289.000000, 310.000000 ;
];
curve(172).path = [247.000000, 303.000000 247.000000, 305.073183 249.000000, 306.850534 ;
249.000000, 308.000000 249.000000, 309.177630 244.299303, 310.598606 ;
245.000000, 312.000000 246.043790, 314.087581 247.956210, 311.912419 ;
249.000000, 314.000000 250.689208, 317.378415 247.000000, 320.495420 ;
247.000000, 322.000000 247.000000, 324.374060 249.719682, 328.560637 ;
249.000000, 330.000000 247.070532, 333.858936 244.080356, 335.080356 ;
241.000000, 332.000000 240.254644, 331.254644 238.000000, 331.000000 ;
];
curve(173).path = [435.000000, 305.000000 435.000000, 308.221240 428.743767, 322.512466 ;
427.000000, 326.000000 425.936784, 328.126431 421.000000, 329.655166 ;
421.000000, 332.000000 421.000000, 332.666667 421.000000, 334.000000 ;
];
curve(174).path = [289.000000, 309.000000 291.666839, 309.000000 294.227605, 311.544790 ;
295.000000, 310.000000 295.210819, 309.578363 296.000000, 309.000000 ;
];
curve(175).path = [289.000000, 309.000000 288.237898, 309.000000 291.178282, 301.410859 ;
292.000000, 301.000000 294.564718, 299.717641 297.000000, 308.000000 ;
];
curve(176).path = [297.000000, 309.000000 297.000000, 311.116257 304.009372, 316.004686 ;
306.000000, 317.000000 308.043805, 318.021903 306.007654, 315.000000 ;
308.000000, 315.000000 312.530057, 315.000000 311.794019, 319.588038 ;
313.000000, 322.000000 313.596285, 323.192570 317.000000, 322.000000 ;
];
curve(177).path = [349.000000, 309.000000 349.333333, 309.000000 350.000000, 309.000000 ;
];
curve(178).path = [349.000000, 309.000000 346.337508, 309.000000 345.885688, 302.057156 ;
348.000000, 301.000000 348.760748, 300.619626 354.635552, 305.271105 ;
355.000000, 306.000000 355.632456, 307.264911 352.000000, 309.000000 ;
];
curve(179).path = [349.000000, 309.000000 349.000000, 317.019351 331.000000, 315.346281 ;
331.000000, 321.000000 331.000000, 322.201850 328.000000, 323.000000 ;
];
curve(180).path = [223.000000, 311.000000 223.000000, 314.021994 231.813043, 325.906522 ;
234.000000, 327.000000 235.264911, 327.632456 237.000000, 330.000000 ;
];
curve(181).path = [415.000000, 317.000000 415.000000, 320.459744 408.998412, 327.000000 ;
405.000000, 327.000000 404.254644, 327.000000 403.000000, 328.000000 ;
];
curve(182).path = [213.000000, 323.000000 216.605551, 323.000000 219.000000, 332.000000 ;
];
curve(183).path = [213.000000, 323.000000 208.089676, 323.000000 207.386571, 326.386571 ;
211.000000, 330.000000 211.666667, 330.666667 213.000000, 332.000000 ;
];
curve(184).path = [317.000000, 323.000000 321.966487, 323.000000 316.405351, 316.797325 ;
320.000000, 315.000000 322.981424, 313.509288 326.000000, 323.000000 ;
];
curve(185).path = [317.000000, 323.000000 317.000000, 332.750958 321.000000, 342.197767 ;
321.000000, 353.000000 321.000000, 354.838123 320.410710, 373.589290 ;
325.000000, 369.000000 325.316545, 368.683455 325.000000, 342.835171 ;
325.000000, 340.000000 325.000000, 335.015533 327.000000, 332.809556 ;
327.000000, 327.000000 327.000000, 326.000000 327.000000, 324.000000 ;
];
curve(186).path = [403.000000, 329.000000 403.745356, 329.000000 404.000000, 331.000000 ;
];
curve(187).path = [403.000000, 329.000000 403.000000, 329.333333 403.000000, 330.000000 ;
];
curve(188).path = [237.000000, 331.000000 237.000000, 334.541347 245.201543, 336.403087 ;
247.000000, 340.000000 248.490712, 342.981424 247.000000, 350.000000 ;
];
curve(189).path = [403.000000, 331.000000 402.254644, 331.000000 401.000000, 332.000000 ;
];
curve(190).path = [403.000000, 331.000000 403.000000, 331.745356 402.000000, 333.000000 ;
];
curve(191).path = [213.000000, 333.000000 214.666667, 333.000000 218.000000, 333.000000 ;
];
curve(192).path = [219.000000, 333.000000 225.243699, 333.000000 231.363480, 343.681740 ;
238.000000, 347.000000 240.043805, 348.021903 238.007654, 345.000000 ;
240.000000, 345.000000 242.828427, 345.000000 246.000000, 351.000000 ;
];
curve(193).path = [401.000000, 333.000000 401.000000, 334.697943 396.157922, 339.842078 ;
395.000000, 341.000000 392.826933, 343.173067 393.000000, 346.926819 ;
393.000000, 350.000000 393.000000, 350.666667 393.000000, 352.000000 ;
];
curve(194).path = [421.000000, 335.000000 424.334586, 335.000000 430.790494, 335.790494 ;
433.000000, 338.000000 433.745356, 338.745356 436.000000, 339.000000 ;
];
curve(195).path = [421.000000, 335.000000 417.792986, 335.000000 412.294578, 339.410845 ;
411.000000, 342.000000 410.528595, 342.942809 408.000000, 343.000000 ;
];
curve(196).path = [449.000000, 335.000000 446.865625, 335.000000 444.000000, 339.000000 ;
];
curve(197).path = [449.000000, 335.000000 449.000000, 337.094841 450.078702, 343.960649 ;
448.000000, 345.000000 445.891815, 346.054093 443.000000, 340.000000 ;
];
curve(198).path = [437.000000, 339.000000 438.000000, 339.000000 440.000000, 339.000000 ;
];
curve(199).path = [437.000000, 339.000000 437.000000, 340.323128 439.714909, 348.285091 ;
441.000000, 347.000000 442.649916, 345.350084 441.000000, 340.000000 ;
];
curve(200).path = [441.000000, 339.000000 441.333333, 339.000000 442.000000, 339.000000 ;
];
curve(201).path = [407.000000, 343.000000 406.254644, 343.000000 405.000000, 344.000000 ;
];
curve(202).path = [407.000000, 343.000000 407.000000, 346.253318 409.902474, 343.804947 ;
411.000000, 346.000000 412.188541, 348.377083 409.000000, 348.590538 ;
409.000000, 350.000000 409.000000, 350.710991 409.420046, 353.000000 ;
408.000000, 353.000000 405.461409, 353.000000 405.000000, 346.000000 ;
];
curve(203).path = [405.000000, 345.000000 401.868354, 345.000000 397.108949, 348.891051 ;
395.000000, 351.000000 394.472954, 351.527046 394.000000, 353.000000 ;
];
curve(204).path = [115.000000, 349.000000 115.000000, 350.854725 112.420287, 350.840574 ;
113.000000, 352.000000 114.428846, 354.857692 119.571154, 351.142308 ;
121.000000, 354.000000 121.952562, 355.905125 119.526126, 359.763063 ;
122.000000, 361.000000 122.933913, 361.466956 126.484302, 358.968604 ;
129.000000, 364.000000 131.930396, 369.860792 130.011290, 378.022579 ;
133.000000, 384.000000 134.788854, 387.577709 133.000000, 396.000000 ;
];
curve(205).path = [247.000000, 351.000000 247.000000, 353.648974 249.545879, 352.545879 ;
251.000000, 354.000000 252.374369, 355.374369 254.000000, 359.000000 ;
];
curve(206).path = [539.000000, 351.000000 538.666667, 351.000000 538.333333, 351.000000 ;
538.000000, 351.000000 536.443495, 351.000000 535.696710, 356.606580 ;
535.000000, 358.000000 533.686857, 360.626286 530.459700, 359.540300 ;
529.000000, 361.000000 528.201839, 361.798161 529.524570, 364.950859 ;
529.000000, 366.000000 527.686857, 368.626286 524.459700, 367.540300 ;
523.000000, 369.000000 520.125053, 371.874947 524.043676, 377.000000 ;
522.000000, 377.000000 518.972050, 377.000000 520.198502, 373.801498 ;
517.000000, 377.000000 514.595068, 379.404932 518.582171, 388.835657 ;
517.000000, 392.000000 515.925032, 394.149935 511.000000, 396.000000 ;
];
curve(207).path = [393.000000, 353.000000 393.000000, 355.848001 390.000000, 361.000000 ;
];
curve(208).path = [255.000000, 359.000000 263.571776, 359.000000 270.480525, 376.961051 ;
273.000000, 382.000000 274.579374, 385.158748 286.155261, 396.077630 ;
288.000000, 397.000000 289.600000, 397.800000 292.400000, 396.200000 ;
294.000000, 397.000000 296.066842, 398.033421 296.969406, 401.484703 ;
300.000000, 403.000000 303.782518, 404.891259 309.643601, 398.178199 ;
312.000000, 397.000000 313.049141, 396.475430 316.201839, 397.798161 ;
317.000000, 397.000000 319.827614, 394.172386 319.858878, 387.070561 ;
324.000000, 385.000000 327.964711, 383.017644 328.347755, 390.173877 ;
330.000000, 391.000000 339.027467, 395.513733 348.421268, 401.789366 ;
358.000000, 397.000000 359.049141, 396.475430 362.201839, 397.798161 ;
363.000000, 397.000000 367.027805, 392.972195 369.244745, 388.755255 ;
373.000000, 385.000000 373.798161, 384.201839 372.475430, 381.049141 ;
373.000000, 380.000000 374.098902, 377.802196 375.888356, 380.111644 ;
377.000000, 379.000000 378.136909, 377.863091 375.000000, 376.742148 ;
375.000000, 376.000000 375.000000, 375.652795 376.825995, 374.348010 ;
377.000000, 374.000000 378.446348, 371.107304 382.850328, 369.149672 ;
385.000000, 367.000000 385.798161, 366.201839 384.475430, 363.049141 ;
385.000000, 362.000000 385.471405, 361.057191 388.000000, 361.000000 ;
];
curve(209).path = [255.000000, 359.000000 255.000000, 362.585279 252.290895, 359.709105 ;
251.000000, 361.000000 248.407890, 363.592110 248.057783, 368.971109 ;
244.000000, 371.000000 242.950859, 371.524570 239.798161, 370.201839 ;
239.000000, 371.000000 237.888356, 372.111644 240.197804, 373.901098 ;
238.000000, 375.000000 235.257712, 376.371144 227.084187, 372.915813 ;
225.000000, 375.000000 223.888356, 376.111644 226.197804, 377.901098 ;
224.000000, 379.000000 222.950859, 379.524570 219.798161, 378.201839 ;
219.000000, 379.000000 215.570200, 382.429800 215.099038, 385.801924 ;
213.000000, 390.000000 211.901098, 392.197804 210.111644, 389.888356 ;
209.000000, 391.000000 207.804592, 392.195408 207.510085, 396.244957 ;
206.000000, 397.000000 204.950859, 397.524570 201.798161, 396.201839 ;
201.000000, 397.000000 199.888356, 398.111644 202.197804, 399.901098 ;
200.000000, 401.000000 196.486014, 402.756993 191.029081, 401.485459 ;
188.000000, 403.000000 185.333478, 404.333261 168.666522, 404.333261 ;
166.000000, 403.000000 164.400000, 402.200000 163.600000, 399.800000 ;
162.000000, 399.000000 161.441646, 398.720823 148.306286, 401.000000 ;
146.000000, 401.000000 143.327102, 401.000000 140.365229, 396.182615 ;
138.000000, 395.000000 136.666667, 394.333333 134.000000, 397.000000 ;
];
curve(210).path = [389.000000, 361.000000 389.000000, 364.902946 393.908829, 361.954415 ;
396.000000, 363.000000 401.275157, 365.637578 402.522312, 371.000000 ;
409.000000, 371.000000 410.000000, 371.000000 412.000000, 371.000000 ;
];
curve(211).path = [413.000000, 371.000000 413.333333, 371.000000 414.000000, 371.000000 ;
];
curve(212).path = [413.000000, 371.000000 413.000000, 370.254644 415.000000, 370.000000 ;
];
curve(213).path = [415.000000, 371.000000 419.769844, 371.000000 429.689429, 374.844714 ;
434.000000, 377.000000 436.093405, 378.046702 436.826276, 383.413138 ;
440.000000, 385.000000 441.603237, 385.801618 443.903639, 383.807277 ;
445.000000, 386.000000 445.806282, 387.612564 446.552619, 396.276309 ;
448.000000, 397.000000 450.805146, 398.402573 455.194854, 397.597427 ;
458.000000, 399.000000 459.600000, 399.800000 460.400000, 402.200000 ;
462.000000, 403.000000 464.227431, 404.113715 490.395563, 400.802218 ;
494.000000, 399.000000 497.613249, 397.193376 502.351553, 397.000000 ;
507.000000, 397.000000 508.000000, 397.000000 510.000000, 397.000000 ;
];
curve(214).path = [367.000000, 135.000000 368.126227, 135.000000 370.309644, 137.000000 ;
368.000000, 137.000000 367.254644, 137.000000 367.000000, 135.000000 ;
];
curve(215).path = [323.000000, 153.000000 324.126227, 153.000000 326.309644, 155.000000 ;
324.000000, 155.000000 323.254644, 155.000000 323.000000, 153.000000 ;
];
curve(216).path = [419.000000, 337.000000 423.127527, 337.000000 419.852799, 343.705597 ;
421.000000, 346.000000 423.114796, 350.229591 422.727337, 343.000000 ;
424.000000, 343.000000 425.807276, 343.000000 425.323819, 350.338091 ;
424.000000, 351.000000 419.567795, 353.216103 419.000000, 337.000000 ;
];
curve(217).path = [399.000000, 355.000000 401.403701, 355.000000 403.300327, 360.699673 ;
405.000000, 359.000000 409.247410, 354.752590 407.013673, 352.506837 ;
416.000000, 357.000000 416.544371, 357.272186 429.000000, 352.524944 ;
429.000000, 358.000000 429.000000, 358.333660 423.420028, 360.579972 ;
423.000000, 361.000000 422.730039, 361.269961 427.310990, 367.000000 ;
424.000000, 367.000000 421.008969, 367.000000 412.815310, 355.184690 ;
407.000000, 361.000000 406.184248, 361.815752 408.294405, 367.000000 ;
406.000000, 367.000000 404.042033, 367.000000 405.439135, 362.878270 ;
405.000000, 362.000000 403.625631, 359.251263 399.000000, 355.000000 ;
];
curve(218).path = [281.000000, 357.000000 291.055745, 357.000000 277.983346, 367.991673 ;
276.000000, 367.000000 273.535864, 365.767932 278.344185, 363.655815 ;
279.000000, 363.000000 280.490712, 361.509288 281.000000, 357.000000 ;
];
curve(219).path = [367.000000, 359.000000 370.834392, 359.000000 372.704381, 365.000000 ;
372.000000, 365.000000 369.396583, 365.000000 367.000000, 359.000000 ;
];
curve(220).path = [427.000000, 361.000000 429.871291, 361.000000 429.605913, 367.000000 ;
428.000000, 367.000000 425.972412, 367.000000 427.000000, 361.000000 ;
];
curve(221).path = [423.000000, 369.000000 424.126227, 369.000000 426.309644, 371.000000 ;
424.000000, 371.000000 423.254644, 371.000000 423.000000, 369.000000 ;
];
