221
3
373 137
374 137
374 137
15
373 137
372 137
371 137
371 138
370 139
369 139
368 139
367 139
366 139
365 139
365 140
364 141
363 141
363 142
363 142
5
373 137
373 136
374 135
375 136
375 136
78
375 137
376 137
377 137
378 137
379 137
380 137
381 137
382 137
383 137
384 137
385 137
386 137
387 137
388 137
389 138
390 139
391 139
392 139
393 139
394 139
395 139
396 139
397 140
398 141
399 141
400 141
401 141
402 141
403 141
404 141
405 142
406 143
407 143
408 143
409 144
410 145
411 145
412 145
413 146
414 147
415 148
416 149
417 149
418 149
419 150
420 151
421 152
422 153
423 153
424 153
425 154
426 155
427 156
428 157
429 158
430 159
431 160
432 161
433 161
434 161
435 162
436 163
437 164
438 165
439 166
440 167
441 168
442 169
443 170
444 171
445 172
446 173
447 174
447 175
447 176
447 177
447 178
447 178
4
279 141
280 141
281 142
281 142
199
279 141
278 141
277 141
276 141
275 141
274 141
273 140
272 139
271 139
270 139
269 139
268 139
267 139
266 139
265 139
264 139
263 139
262 139
261 139
260 139
259 139
258 139
257 139
256 139
255 139
255 140
254 141
253 141
252 141
251 141
250 141
249 141
249 142
248 143
247 143
246 143
245 143
244 143
243 143
242 143
241 143
241 144
240 145
239 145
238 145
237 145
236 145
235 145
234 145
233 145
233 146
232 147
231 147
231 148
230 149
229 149
228 149
227 149
226 149
225 149
225 150
224 151
223 151
222 151
221 151
221 152
220 153
219 153
219 154
219 155
219 156
218 157
217 157
216 157
215 157
215 158
214 159
213 159
212 159
211 159
211 160
210 161
209 161
209 162
208 163
207 163
207 164
206 165
205 165
205 166
204 167
203 167
203 168
202 169
201 169
201 170
200 171
199 171
199 172
198 173
197 173
197 174
196 175
195 175
195 176
194 177
193 177
193 178
193 179
193 180
192 181
191 181
191 182
190 183
189 183
189 184
189 185
189 186
188 187
187 187
187 188
186 189
185 189
185 190
184 191
183 191
183 192
184 193
185 194
185 195
185 196
184 197
183 197
183 198
183 199
183 200
183 201
183 202
183 203
183 204
183 205
183 206
183 207
183 208
183 209
183 210
183 211
183 212
183 213
183 214
183 215
183 216
183 217
183 218
184 219
185 219
186 219
187 220
188 221
189 221
190 221
191 222
192 223
193 224
194 225
195 225
195 224
196 223
197 224
198 225
199 225
200 225
201 225
202 225
203 225
204 225
205 225
206 225
207 225
208 225
209 225
209 224
210 223
211 223
212 223
213 223
214 223
215 223
215 222
216 221
217 221
218 221
219 221
220 221
221 221
222 221
223 221
224 221
224 221
165
279 141
279 140
278 139
277 139
276 139
275 138
274 137
273 137
272 137
271 137
270 137
269 137
268 137
267 137
266 137
265 137
264 137
263 137
262 137
261 137
260 137
259 137
258 137
257 137
256 137
255 137
254 137
253 137
252 137
251 137
251 138
250 139
249 139
248 139
247 139
246 139
245 139
244 139
243 139
243 140
242 141
241 141
240 141
239 141
238 141
237 141
237 142
236 143
235 143
234 143
233 143
232 143
231 143
231 144
230 145
229 145
228 145
227 145
227 146
226 147
225 147
224 147
223 147
223 148
222 149
221 149
220 149
219 149
219 150
218 151
217 151
217 152
216 153
215 153
215 154
214 155
213 155
212 155
211 155
211 156
210 157
209 157
209 158
208 159
207 159
206 159
205 159
205 160
204 161
203 161
203 162
202 163
201 163
201 164
200 165
199 165
199 166
199 167
199 168
198 169
197 169
197 170
196 171
195 171
195 172
194 173
193 173
193 174
192 175
191 175
191 176
190 177
189 177
189 178
188 179
187 179
187 180
187 181
187 182
186 183
185 183
185 184
185 185
185 186
184 187
183 187
183 188
182 189
181 189
181 190
181 191
181 192
180 193
179 193
179 194
178 195
177 195
177 196
177 197
177 198
176 199
175 199
175 200
175 201
175 202
175 203
175 204
174 205
173 205
173 206
173 207
173 208
172 209
171 209
171 210
171 211
171 212
170 213
169 213
169 214
169 215
169 216
169 217
169 218
169 218
267
281 143
282 143
283 143
284 143
285 143
285 142
286 141
287 141
287 140
288 139
289 139
289 138
288 137
287 136
287 135
287 134
286 133
285 133
284 133
283 133
282 133
281 133
280 133
279 133
278 133
277 133
276 133
275 133
274 133
273 133
272 133
271 133
270 133
269 133
268 133
267 133
266 133
265 132
264 131
263 131
262 131
261 131
261 132
260 133
259 133
258 133
257 133
256 133
255 133
254 133
253 133
252 133
251 133
250 133
249 133
248 133
247 133
246 133
245 133
244 133
243 133
242 133
241 133
240 133
239 133
238 133
237 133
236 133
235 133
235 134
234 135
233 135
232 135
231 135
230 135
229 135
228 135
227 135
226 135
225 135
225 136
224 137
223 137
222 137
221 137
221 138
221 139
221 140
220 141
219 140
218 139
217 139
216 139
215 139
215 140
214 141
213 141
212 141
211 141
211 142
210 143
209 143
209 144
208 145
207 145
207 146
206 147
205 147
204 147
203 147
203 148
202 149
201 149
200 149
199 149
199 150
199 151
199 152
198 153
197 153
196 153
195 153
195 154
194 155
193 155
193 156
193 157
193 158
193 159
193 160
192 161
191 161
190 161
189 161
188 161
187 161
187 162
187 163
187 164
186 165
185 165
185 166
184 167
183 167
183 168
182 169
181 169
181 170
180 171
179 171
179 172
179 173
179 174
178 175
177 175
176 175
175 175
174 175
173 175
173 176
174 177
175 178
174 179
173 179
173 180
172 181
171 181
170 181
169 181
169 182
170 183
171 184
170 185
169 185
169 186
168 187
167 187
167 188
166 189
165 189
165 190
164 191
163 191
162 191
161 191
161 192
162 193
163 193
164 193
165 194
164 195
163 195
163 196
163 197
163 198
162 199
161 199
161 200
160 201
159 201
159 202
159 203
159 204
159 205
159 206
158 207
157 207
157 208
157 209
157 210
156 211
155 211
154 211
153 211
153 212
153 213
153 214
153 215
153 216
152 217
151 217
151 218
152 219
153 220
153 221
153 222
153 223
153 224
153 225
153 226
153 227
153 228
153 229
153 230
153 231
153 232
154 233
155 234
155 235
155 236
154 237
153 237
153 238
153 239
153 240
153 241
153 242
153 243
153 244
152 245
151 245
151 246
152 247
153 248
152 249
151 249
151 250
150 251
149 251
149 252
148 253
147 253
147 254
147 255
147 256
146 257
146 257
6
281 143
280 143
279 143
279 144
280 145
280 145
3
281 143
281 144
281 144
91
363 143
364 143
365 143
366 143
367 143
367 142
368 141
369 141
370 141
371 141
372 141
373 141
374 141
375 141
375 140
376 139
377 139
378 139
379 139
380 139
381 140
382 141
383 141
384 141
385 141
386 141
387 141
388 141
389 141
390 141
391 141
392 141
393 141
394 141
395 142
396 143
397 143
398 143
399 144
400 145
401 145
402 145
403 145
404 145
405 146
406 147
407 147
408 147
409 148
410 149
411 149
412 149
413 150
414 151
415 152
416 153
417 153
418 153
419 154
420 155
421 156
422 157
423 157
424 157
425 158
426 159
427 160
428 161
429 162
430 163
431 164
432 165
433 166
434 167
435 167
436 167
437 168
438 169
439 170
440 171
441 172
442 173
443 174
443 175
443 176
443 177
443 178
444 179
445 179
446 179
446 179
5
363 143
362 143
361 143
361 144
361 144
4
363 143
363 144
362 145
362 145
29
281 145
282 145
283 146
283 147
283 148
284 149
285 150
285 151
285 152
285 153
285 154
285 155
285 156
285 157
285 158
285 159
285 160
285 161
285 162
285 163
285 164
284 165
283 165
283 166
283 167
283 168
284 169
285 170
285 170
5
357 145
358 145
359 145
360 145
360 145
249
357 145
356 145
355 144
355 143
355 142
354 141
353 140
354 139
355 139
356 139
357 139
357 138
356 137
355 136
356 135
357 135
357 134
358 133
359 133
359 132
359 131
359 130
360 129
361 129
362 129
363 129
363 128
364 127
365 127
365 126
366 125
367 126
368 127
369 128
370 129
371 130
372 131
373 131
373 130
374 129
375 130
376 131
377 131
378 131
379 131
380 131
381 132
382 133
383 133
384 133
385 133
386 133
387 133
388 133
389 133
390 133
391 133
392 133
393 133
394 133
395 133
396 133
397 133
398 133
399 134
400 135
401 135
402 135
403 135
404 135
405 135
405 134
406 133
407 133
408 133
409 134
409 135
409 136
410 137
411 137
412 137
413 137
414 137
415 138
416 139
417 139
417 138
418 137
419 137
419 136
420 135
421 136
421 137
421 138
422 139
423 140
424 141
425 142
426 143
427 143
427 142
428 141
429 142
430 143
431 144
431 145
431 146
432 147
433 147
434 147
435 147
436 147
437 148
438 149
439 149
440 149
441 150
441 151
441 152
442 153
443 154
444 155
445 155
445 154
446 153
447 154
447 155
447 156
448 157
449 158
449 159
449 160
449 161
449 162
450 163
451 164
452 165
453 166
454 167
455 168
456 169
457 170
458 171
459 172
459 173
459 174
460 175
461 175
462 175
463 176
463 177
463 178
464 179
465 180
466 181
467 182
467 183
467 184
468 185
469 186
470 187
471 188
471 189
471 190
472 191
473 192
474 193
475 194
475 195
475 196
475 197
475 198
475 199
475 200
476 201
477 202
478 203
479 204
480 205
481 206
482 207
483 207
484 207
485 208
484 209
483 209
483 210
484 211
485 211
486 211
487 212
488 213
489 214
489 215
489 216
490 217
491 218
491 219
491 220
492 221
493 222
493 223
493 224
494 225
495 226
495 227
495 228
494 229
493 229
493 230
494 231
495 231
496 231
497 232
497 233
497 234
496 235
495 235
495 236
495 237
495 238
495 239
495 240
495 241
495 242
496 243
497 244
497 245
497 246
497 247
497 248
498 249
499 249
500 249
501 250
501 251
501 252
502 253
503 253
504 253
505 254
505 255
505 256
506 257
507 258
508 259
509 259
510 259
510 259
36
357 145
357 146
356 147
355 147
355 148
355 149
355 150
355 151
355 152
354 153
353 153
353 154
353 155
353 156
353 157
353 158
352 159
351 159
351 160
351 161
351 162
350 163
349 163
349 164
350 165
351 166
351 167
351 168
352 169
353 170
352 171
351 171
350 171
349 171
349 172
349 172
17
285 171
286 171
287 172
288 173
289 174
290 175
291 175
292 175
293 176
294 177
295 178
296 179
297 179
298 179
299 180
300 181
300 181
171
285 171
284 171
283 171
282 171
281 171
280 171
279 171
278 171
277 171
276 171
275 171
274 171
273 171
272 171
271 171
271 172
270 173
269 173
268 173
267 173
266 173
265 173
264 173
263 173
262 173
261 173
260 173
259 173
258 173
257 173
256 173
255 173
254 173
253 173
252 173
251 173
251 174
250 175
249 175
249 176
248 177
247 177
246 177
245 177
244 177
243 177
242 177
241 177
241 178
240 179
239 179
239 180
239 181
239 182
238 183
237 183
236 183
235 183
234 183
233 183
233 184
234 185
235 185
236 185
237 186
237 187
237 188
237 189
237 190
238 191
239 192
240 193
241 193
242 193
243 193
243 192
244 191
245 191
246 191
247 192
248 193
249 193
249 192
249 191
249 190
250 189
251 189
252 189
253 189
254 189
255 189
256 189
257 189
258 189
259 189
259 188
260 187
261 187
262 187
263 187
264 187
265 187
266 187
267 187
268 187
269 187
270 187
271 187
272 187
273 188
274 189
275 190
276 191
277 192
278 193
279 193
280 193
281 193
282 193
283 194
284 195
285 196
286 197
287 198
286 199
285 199
284 199
283 199
282 199
281 199
280 199
279 199
279 200
278 201
277 201
276 201
275 201
274 201
273 201
272 201
271 201
270 201
269 201
268 201
267 201
266 201
265 201
264 201
263 201
262 201
261 201
260 201
259 201
259 202
258 203
257 203
257 204
257 205
257 206
256 207
255 207
254 207
253 207
253 208
254 209
255 210
255 211
255 212
255 213
255 214
255 214
169
349 173
350 173
351 173
352 173
353 174
354 175
355 175
356 175
357 175
358 175
359 175
360 175
361 175
362 175
363 175
364 175
365 175
366 175
367 175
368 175
369 175
370 175
371 175
372 175
373 175
374 175
375 175
376 175
377 175
378 175
379 175
380 175
381 175
382 175
383 176
384 177
385 177
386 177
387 177
388 177
389 177
390 177
391 177
392 177
393 177
394 177
395 178
396 179
397 180
397 181
397 182
398 183
399 183
400 183
401 184
402 185
403 185
404 185
405 186
404 187
403 187
403 188
404 189
405 190
404 191
403 191
403 192
402 193
401 193
400 193
399 193
398 193
397 192
396 191
395 191
394 191
393 191
392 191
391 191
390 191
389 191
388 191
387 191
386 191
385 190
384 189
383 189
382 189
381 189
380 189
379 189
378 189
377 189
376 189
375 189
375 190
374 191
373 190
372 189
371 189
370 189
369 189
368 189
367 189
366 189
365 189
364 189
363 189
363 190
362 191
361 191
360 191
359 191
358 191
357 191
356 191
355 191
354 191
353 191
352 191
351 191
350 191
349 191
349 192
348 193
347 193
347 194
348 195
349 196
350 197
351 198
352 199
353 199
354 199
355 199
356 199
357 199
358 199
359 199
360 199
361 200
362 201
363 201
364 201
365 201
366 201
367 201
368 201
369 202
370 203
371 203
372 203
373 203
374 203
375 203
376 203
377 203
378 203
379 204
380 205
381 206
382 207
383 208
383 209
383 210
382 211
381 211
381 212
381 212
16
349 173
348 173
347 173
346 173
345 173
345 174
344 175
343 175
342 175
341 175
340 175
339 175
338 175
337 175
336 175
336 175
61
335 175
334 175
333 174
332 173
331 173
330 173
329 172
328 171
327 170
327 169
327 168
326 167
325 166
325 165
325 164
325 163
325 162
324 161
323 160
323 159
323 158
322 157
321 157
320 157
319 157
319 158
318 159
317 159
317 160
317 161
317 162
317 163
317 164
316 165
315 165
315 166
315 167
315 168
315 169
315 170
315 171
315 172
314 173
313 173
313 174
312 175
311 175
311 176
310 177
309 177
308 177
307 177
307 178
307 179
307 180
306 181
305 181
304 181
303 181
302 181
302 181
35
335 175
335 176
334 177
333 177
333 178
332 179
331 179
330 179
329 179
329 180
328 181
327 181
327 182
327 183
327 184
327 185
327 186
326 187
325 187
325 188
325 189
325 190
325 191
325 192
326 193
327 194
327 195
327 196
327 197
327 198
328 199
329 200
329 201
329 202
329 202
3
447 179
447 180
447 180
31
301 181
301 182
302 183
303 183
304 183
305 184
306 185
307 185
308 185
309 186
310 187
311 188
311 189
311 190
312 191
313 192
313 193
313 194
313 195
313 196
312 197
311 197
311 198
311 199
311 200
311 201
311 202
310 203
309 203
309 204
309 204
8
447 181
448 181
449 182
449 183
449 184
450 185
451 186
451 186
25
447 181
447 182
447 183
447 184
447 185
447 186
447 187
447 188
447 189
447 190
447 191
447 192
447 193
447 194
447 195
447 196
447 197
447 198
447 199
447 200
447 201
447 202
447 203
447 204
447 204
89
451 187
452 187
453 188
454 189
455 190
455 191
455 192
456 193
457 194
457 195
457 196
458 197
459 198
460 199
461 200
461 201
461 202
461 203
461 204
462 205
463 205
464 205
465 206
465 207
465 208
465 209
465 210
466 211
467 211
468 211
469 212
470 213
471 214
472 215
473 216
474 217
475 218
475 219
475 220
475 221
475 222
476 223
477 224
477 225
477 226
477 227
477 228
477 229
477 230
477 231
477 232
477 233
477 234
478 235
479 236
480 237
481 238
481 239
481 240
481 241
481 242
482 243
483 244
484 245
485 246
485 247
485 248
486 249
487 250
487 251
487 252
488 253
489 254
490 255
491 256
492 257
493 258
494 259
495 260
496 261
497 262
498 263
499 263
500 263
501 264
500 265
499 265
499 266
499 266
11
451 187
451 188
452 189
453 190
453 191
453 192
453 193
453 194
453 195
453 196
453 196
89
453 197
454 197
455 198
455 199
455 200
455 201
455 202
455 203
455 204
455 205
455 206
455 207
455 208
454 209
453 209
453 210
453 211
453 212
453 213
453 214
452 215
451 215
451 216
451 217
451 218
451 219
451 220
450 221
449 221
449 222
449 223
449 224
449 225
449 226
448 227
447 227
447 228
447 229
447 230
447 231
447 232
446 233
445 233
445 234
444 235
443 235
443 236
442 237
441 237
441 238
441 239
441 240
440 241
439 241
439 242
440 243
441 244
440 245
439 245
439 246
438 247
437 247
437 248
437 249
437 250
437 251
437 252
437 253
437 254
437 255
437 256
437 257
437 258
437 259
437 260
437 261
437 262
437 263
437 264
436 265
435 265
435 266
435 267
435 268
435 269
435 270
435 271
435 272
435 272
12
453 197
453 198
453 199
453 200
452 201
451 201
451 202
450 203
449 203
449 204
448 205
448 205
31
329 203
330 203
331 203
332 203
333 204
334 205
335 206
336 207
337 207
338 207
339 207
340 207
341 208
342 209
343 209
344 209
345 210
346 211
347 211
348 211
349 212
350 213
351 213
352 213
353 214
354 215
355 215
356 215
357 216
358 217
358 217
8
329 203
328 203
327 203
327 204
326 205
325 205
325 206
325 206
8
309 205
310 205
311 205
312 205
313 205
314 205
315 206
315 206
31
309 205
308 205
307 205
306 205
305 205
304 205
303 205
303 206
302 207
301 207
300 207
299 207
299 208
298 209
297 209
296 209
295 209
295 210
294 211
293 211
293 212
292 213
291 213
290 213
289 213
289 214
288 215
287 215
287 216
286 217
286 217
3
447 205
447 206
447 206
38
315 207
314 207
313 207
312 207
311 207
311 208
310 209
309 209
309 210
309 211
309 212
308 213
307 213
306 213
305 212
304 211
303 211
302 211
301 211
300 211
299 211
299 212
298 213
297 213
296 213
295 213
295 214
294 215
293 215
293 216
292 217
291 217
291 218
290 219
289 219
289 220
288 221
288 221
13
315 207
315 208
316 209
317 209
317 208
318 207
319 207
320 207
321 207
322 207
323 207
324 207
324 207
45
325 207
326 207
327 207
328 207
329 208
329 209
329 210
330 211
331 212
331 213
331 214
332 215
333 215
334 215
335 215
336 215
337 215
337 214
337 213
337 212
338 211
339 212
340 213
341 213
342 213
343 214
344 215
345 215
346 215
347 216
348 217
349 217
350 217
351 217
352 217
353 218
353 219
353 220
354 221
355 222
356 223
357 223
357 222
358 221
358 221
53
447 207
446 207
445 207
444 207
443 207
443 208
443 209
443 210
442 211
441 211
440 211
439 211
439 212
438 213
437 213
437 214
436 215
435 215
434 215
433 215
433 216
432 217
431 217
430 217
429 217
428 217
427 217
426 217
425 217
424 217
423 217
422 217
421 217
420 217
419 217
418 217
417 217
416 217
415 217
414 217
413 217
412 217
411 217
410 217
409 217
408 217
407 217
406 217
405 217
404 217
403 217
402 217
402 217
55
447 207
447 208
447 209
447 210
447 211
447 212
446 213
445 213
445 214
445 215
445 216
444 217
443 217
443 218
442 219
441 219
440 219
439 219
439 220
438 221
437 221
436 221
435 221
434 221
433 221
432 221
431 221
430 221
429 221
428 221
427 221
426 221
425 221
424 221
423 221
422 221
421 221
420 221
419 221
418 221
417 221
416 221
415 221
414 221
413 221
412 221
411 221
410 221
409 221
408 221
407 221
406 221
405 221
404 221
404 221
21
381 213
382 213
383 213
384 213
385 214
386 215
387 215
388 215
389 215
390 215
391 215
392 215
393 215
394 215
395 215
396 215
397 216
398 217
399 217
400 217
400 217
10
381 213
380 213
379 213
378 213
377 213
377 214
376 215
375 215
375 216
375 216
5
249 215
250 215
251 215
252 215
252 215
16
249 215
248 215
247 215
246 215
245 215
244 215
243 215
242 215
241 215
240 215
239 215
239 216
238 217
237 217
237 218
237 218
15
249 215
249 216
248 217
247 217
246 217
245 217
244 217
243 217
242 217
241 217
241 218
240 219
239 219
238 219
238 219
3
253 215
254 215
254 215
3
253 215
253 216
253 216
32
255 215
256 215
257 215
258 215
259 215
260 215
261 215
262 215
263 215
264 215
265 215
266 215
267 215
268 215
269 215
270 215
271 215
272 215
273 215
274 215
275 215
276 215
277 215
278 215
279 215
280 215
281 215
282 215
283 215
284 215
285 216
285 216
84
253 217
254 217
255 218
256 219
257 220
258 221
259 222
259 223
259 224
259 225
259 226
259 227
259 228
259 229
259 230
259 231
259 232
259 233
259 234
259 235
259 236
259 237
259 238
258 239
257 239
257 240
256 241
255 241
255 242
255 243
255 244
254 245
253 245
253 246
253 247
253 248
252 249
251 249
251 250
250 251
249 251
248 251
247 251
246 251
245 251
245 252
244 253
243 253
243 254
242 255
241 255
241 256
240 257
239 257
239 258
239 259
239 260
238 261
237 261
236 261
235 261
235 262
235 263
235 264
235 265
235 266
235 267
235 268
235 269
235 270
234 271
233 271
233 272
233 273
233 274
232 275
231 275
231 276
230 277
229 277
228 277
227 277
226 277
226 277
19
253 217
252 217
251 217
251 218
250 219
249 219
248 219
247 219
247 220
246 221
245 221
244 221
243 221
242 221
241 221
240 221
239 221
238 221
238 221
8
285 217
284 217
283 217
283 218
284 219
285 220
286 221
286 221
17
359 217
360 217
361 217
362 217
363 217
364 217
365 217
366 217
367 217
368 217
369 217
370 217
371 217
372 217
373 217
374 217
374 217
5
359 217
359 218
359 219
359 220
359 220
11
375 217
376 217
377 217
378 217
379 217
380 217
381 217
382 217
383 217
384 217
384 217
9
385 217
386 217
387 217
388 217
389 217
390 217
391 218
392 219
392 219
8
385 217
385 218
385 219
385 220
386 221
387 221
388 221
388 221
4
401 217
401 218
400 219
400 219
67
169 219
170 219
171 219
171 218
172 217
173 218
174 219
175 220
176 221
177 222
178 223
179 224
180 225
181 226
182 227
183 228
184 229
185 230
186 231
187 231
188 231
189 232
190 233
191 233
192 233
193 233
194 233
195 234
196 235
197 235
198 235
199 235
199 234
200 233
201 234
202 235
203 235
203 234
204 233
205 233
205 232
206 231
207 231
208 231
209 231
209 230
210 229
211 229
211 228
212 227
213 227
214 227
215 227
216 227
217 227
217 226
218 225
219 225
219 224
220 223
221 223
222 223
223 223
224 223
225 223
225 222
225 222
7
169 219
169 220
169 221
169 222
169 223
169 224
169 224
16
237 219
236 219
235 218
234 217
233 217
233 218
232 219
231 219
230 219
229 219
228 219
227 219
226 219
225 219
225 220
225 220
3
237 219
237 220
237 220
7
317 219
318 219
319 220
320 221
321 221
322 221
322 221
7
317 219
316 219
315 219
314 219
313 219
313 220
313 220
6
317 219
317 220
316 221
315 221
314 221
314 221
9
317 219
317 218
318 217
319 217
320 217
321 218
322 219
323 220
323 220
7
393 219
394 219
395 219
396 219
397 219
398 219
398 219
3
393 219
393 220
393 220
3
399 219
399 220
399 220
9
225 221
226 221
227 221
228 221
229 221
230 221
231 221
232 221
232 221
5
233 221
234 221
235 221
236 221
236 221
70
233 221
233 222
232 223
231 223
231 224
230 225
229 225
229 226
228 227
227 227
227 228
226 229
225 229
225 230
224 231
223 231
223 232
223 233
223 234
223 235
223 236
222 237
221 237
221 238
221 239
221 240
221 241
221 242
221 243
221 244
221 245
221 246
220 247
219 247
219 248
219 249
219 250
219 251
219 252
219 253
219 254
219 255
219 256
219 257
219 258
219 259
219 260
219 261
219 262
219 263
219 264
219 265
219 266
219 267
219 268
219 269
219 270
218 271
217 271
217 272
217 273
217 274
217 275
217 276
216 277
215 277
215 278
215 279
215 280
215 280
66
237 221
237 222
237 223
237 224
236 225
235 225
234 225
233 225
233 226
232 227
231 227
231 228
231 229
231 230
230 231
229 231
229 232
229 233
229 234
229 235
229 236
229 237
229 238
229 239
229 240
228 241
227 241
227 242
227 243
227 244
227 245
227 246
227 247
227 248
227 249
227 250
227 251
227 252
227 253
227 254
227 255
227 256
227 257
227 258
226 259
225 259
225 260
225 261
225 262
225 263
225 264
224 265
223 265
223 266
224 267
225 268
224 269
223 269
223 270
223 271
223 272
223 273
223 274
224 275
225 276
225 276
41
287 221
287 222
287 223
287 224
287 225
287 226
287 227
287 228
287 229
287 230
288 231
289 232
289 233
289 234
289 235
289 236
290 237
291 238
292 239
293 240
294 241
295 241
295 240
296 239
297 239
297 238
298 237
299 237
299 236
300 235
301 235
301 234
302 233
303 233
304 233
305 233
305 232
305 231
305 230
306 229
306 229
14
313 221
312 221
311 221
310 221
309 221
309 222
309 223
309 224
308 225
307 225
307 226
307 227
307 228
307 228
12
313 221
313 222
313 223
313 224
312 225
311 225
311 226
310 227
309 227
309 228
308 229
308 229
5
323 221
324 221
325 221
326 221
326 221
6
327 221
328 221
329 222
329 223
329 224
329 224
6
327 221
327 222
327 223
327 224
328 225
328 225
46
359 221
359 222
359 223
359 224
359 225
359 226
359 227
359 228
359 229
359 230
358 231
357 231
357 232
356 233
355 233
355 234
354 235
353 235
352 235
351 235
350 235
349 235
348 235
347 235
346 235
345 235
344 235
343 235
342 235
341 234
340 233
339 233
339 234
338 235
337 234
336 233
335 232
334 231
333 231
332 231
331 230
331 229
331 228
330 227
329 226
329 226
5
389 221
390 221
391 221
392 221
392 221
81
389 221
389 222
388 223
387 223
386 223
385 223
385 224
385 225
385 226
384 227
383 227
383 228
383 229
383 230
382 231
381 231
381 232
381 233
381 234
381 235
381 236
382 237
383 238
383 239
383 240
384 241
385 241
386 241
387 242
388 243
389 244
390 245
391 245
392 245
393 246
394 247
395 247
396 247
397 248
398 249
399 250
399 251
399 252
400 253
401 253
402 253
403 254
402 255
401 255
400 255
399 255
399 256
400 257
401 257
402 257
403 257
404 257
405 258
406 259
407 260
406 261
405 261
404 261
403 261
403 262
404 263
405 264
405 265
405 266
405 267
405 268
406 269
407 269
408 269
409 270
410 271
411 271
412 271
413 271
414 271
414 271
5
393 221
394 221
395 221
396 221
396 221
3
397 221
398 221
398 221
55
397 221
397 222
398 223
399 224
400 225
401 226
402 227
403 227
404 227
405 228
406 229
407 230
407 231
407 232
407 233
407 234
408 235
409 236
409 237
409 238
410 239
411 240
411 241
411 242
411 243
411 244
410 245
409 245
409 246
410 247
411 248
411 249
411 250
411 251
411 252
411 253
411 254
412 255
413 256
413 257
413 258
413 259
413 260
414 261
415 262
415 263
415 264
416 265
417 266
417 267
417 268
416 269
415 269
415 270
415 270
5
399 221
400 221
401 221
402 221
402 221
55
403 221
403 222
404 223
405 224
405 225
405 226
406 227
407 228
408 229
409 230
409 231
409 232
410 233
411 234
411 235
411 236
412 237
413 238
414 239
415 240
415 241
415 242
415 243
415 244
415 245
415 246
416 247
417 248
417 249
417 250
418 251
419 252
419 253
419 254
419 255
419 256
419 257
419 258
419 259
419 260
419 261
419 262
419 263
419 264
420 265
421 266
422 267
423 267
424 267
425 268
426 269
427 270
428 271
429 272
429 272
65
169 225
170 225
171 226
171 227
171 228
172 229
173 230
174 231
175 232
176 233
177 234
178 235
179 236
180 237
181 238
182 239
183 239
184 239
185 240
186 241
187 242
188 243
189 244
190 245
191 246
192 247
193 247
194 247
195 248
196 249
197 250
198 251
199 252
199 253
199 254
200 255
201 256
200 257
199 257
199 258
200 259
201 260
201 261
201 262
201 263
201 264
201 265
201 266
201 267
201 268
201 269
201 270
201 271
201 272
201 273
201 274
202 275
203 276
202 277
201 277
201 278
202 279
203 280
204 281
204 281
9
169 225
168 225
167 225
167 226
167 227
167 228
167 229
167 230
167 230
19
167 231
166 231
165 231
164 231
163 231
163 232
162 233
161 233
160 233
159 233
159 234
160 235
161 235
162 235
163 235
164 235
165 235
166 235
166 235
6
167 231
167 232
168 233
169 234
168 235
168 235
3
167 235
167 236
167 236
10
167 237
166 237
165 237
164 237
163 237
163 238
164 239
165 239
166 239
166 239
3
167 237
167 238
167 238
41
107 239
108 239
109 240
110 241
111 242
112 243
113 243
114 243
115 244
116 245
117 245
118 245
119 246
120 247
121 247
122 247
123 247
124 247
125 248
126 249
127 249
128 249
129 250
130 251
131 251
132 251
133 252
134 253
135 254
136 255
137 255
137 254
138 253
139 253
140 253
141 254
142 255
143 255
144 255
145 256
145 256
240
107 239
107 240
107 241
107 242
106 243
105 243
104 243
103 243
102 243
101 243
100 243
99 243
99 244
98 245
97 245
96 245
95 245
95 246
94 247
93 247
93 248
92 249
91 249
91 250
91 251
91 252
90 253
89 253
89 254
88 255
87 255
87 256
86 257
85 257
84 257
83 257
83 258
83 259
83 260
82 261
81 261
81 262
81 263
81 264
80 265
79 265
79 266
79 267
79 268
79 269
79 270
79 271
79 272
78 273
77 273
77 274
77 275
77 276
77 277
77 278
76 279
75 279
75 280
75 281
75 282
75 283
75 284
75 285
75 286
74 287
73 287
73 288
73 289
73 290
72 291
71 291
71 292
71 293
71 294
71 295
71 296
71 297
71 298
71 299
71 300
70 301
69 301
69 302
68 303
67 303
67 304
67 305
67 306
67 307
67 308
67 309
67 310
67 311
67 312
67 313
67 314
67 315
67 316
67 317
67 318
67 319
67 320
67 321
67 322
67 323
67 324
66 325
65 325
65 326
65 327
65 328
64 329
63 329
63 330
64 331
65 332
65 333
65 334
65 335
65 336
65 337
65 338
65 339
65 340
65 341
65 342
65 343
65 344
65 345
65 346
65 347
65 348
65 349
65 350
65 351
65 352
65 353
65 354
65 355
65 356
65 357
65 358
66 359
67 360
67 361
67 362
67 363
67 364
67 365
67 366
67 367
67 368
67 369
67 370
67 371
67 372
68 373
69 374
69 375
69 376
69 377
69 378
70 379
71 379
72 379
73 380
73 381
73 382
74 383
75 383
76 383
77 384
78 385
79 386
80 387
81 387
82 387
83 387
84 387
85 387
86 387
87 387
88 387
89 388
90 389
91 390
90 391
89 391
89 392
90 393
91 393
92 393
93 393
93 392
94 391
95 392
96 393
97 393
98 393
99 394
100 395
101 395
102 395
103 396
104 397
105 397
106 397
107 397
107 396
108 395
109 395
110 395
111 395
112 395
113 396
114 397
115 397
116 397
117 397
118 397
119 397
120 397
121 397
122 397
123 397
124 397
125 397
126 397
127 397
128 397
129 397
130 397
131 397
132 397
132 397
621
107 239
107 238
107 237
107 236
106 235
105 234
105 233
105 232
105 231
105 230
105 229
105 228
105 227
105 226
105 225
105 224
105 223
105 222
105 221
105 220
106 219
107 219
107 218
107 217
107 216
108 215
109 215
109 214
109 213
109 212
109 211
109 210
109 209
109 208
109 207
109 206
110 205
111 205
111 204
112 203
113 203
113 202
113 201
113 200
114 199
115 199
115 198
114 197
113 196
114 195
115 195
115 194
115 193
115 192
116 191
117 191
117 190
118 189
119 189
119 188
120 187
121 187
121 186
121 185
121 184
122 183
123 183
124 183
125 183
125 182
125 181
125 180
125 179
125 178
126 177
127 177
127 176
128 175
129 175
129 174
129 173
129 172
130 171
131 171
131 170
132 169
133 169
133 168
134 167
135 167
135 166
136 165
137 165
137 164
138 163
139 163
139 162
140 161
141 161
141 160
142 159
143 159
143 158
143 157
143 156
144 155
145 155
145 154
145 153
145 152
146 151
147 151
147 150
148 149
149 149
150 149
151 149
151 148
151 147
151 146
152 145
153 145
153 144
154 143
155 143
155 142
156 141
157 141
157 140
158 139
159 139
159 138
160 137
161 137
161 136
162 135
163 135
163 134
164 133
165 133
166 133
167 133
168 133
169 133
169 132
170 131
171 131
172 131
173 131
173 130
174 129
175 129
175 128
176 127
177 127
177 126
177 125
177 124
178 123
179 123
180 123
181 123
181 122
182 121
183 121
184 121
185 121
185 120
186 119
187 119
188 119
189 119
189 118
189 117
189 116
190 115
191 115
192 115
193 115
193 114
194 113
195 113
196 113
197 113
198 113
199 113
199 112
200 111
201 111
202 111
203 111
203 110
203 109
203 108
204 107
205 107
206 107
207 107
208 107
209 107
209 106
210 105
211 105
212 105
213 105
214 105
215 105
215 104
215 103
215 102
216 101
217 101
218 101
219 101
220 101
221 101
222 101
223 101
223 100
224 99
225 99
226 99
227 99
227 98
228 97
229 97
230 97
231 97
232 97
233 97
234 97
235 97
236 97
237 97
238 97
239 97
239 96
240 95
241 95
241 94
242 93
243 93
244 93
245 94
246 95
247 95
247 94
248 93
249 93
250 93
251 93
252 93
253 93
254 93
255 93
256 93
257 93
258 93
259 93
260 93
261 93
262 93
263 93
264 93
265 93
266 93
267 93
267 92
268 91
269 91
270 91
271 91
272 91
273 91
274 91
275 92
276 93
277 93
278 93
279 93
280 93
281 93
281 92
282 91
283 91
284 91
285 91
286 91
287 91
288 91
289 91
290 91
291 91
292 91
293 92
294 93
295 93
295 92
296 91
297 91
298 91
299 91
300 91
301 92
302 93
303 93
304 93
305 93
306 93
307 93
307 92
308 91
309 91
310 91
311 91
312 91
313 92
314 93
315 94
316 95
317 96
318 97
319 98
319 99
319 100
320 101
321 102
322 103
323 103
324 103
325 103
325 102
326 101
327 101
327 100
327 99
327 98
328 97
329 97
329 96
330 95
331 95
331 94
332 93
333 93
334 93
335 93
335 92
335 91
335 90
336 89
337 89
338 89
339 89
340 89
341 89
342 89
343 89
344 89
345 89
346 89
347 89
348 89
349 89
349 88
350 87
351 88
352 89
353 89
354 89
355 89
356 89
357 89
358 89
359 89
360 89
361 89
361 88
362 87
363 87
364 87
365 88
366 89
367 89
368 89
369 89
370 89
371 89
372 89
373 89
373 88
374 87
375 88
376 89
377 89
378 89
379 89
380 89
381 90
382 91
383 91
384 91
385 91
386 91
387 91
387 90
388 89
389 90
390 91
391 91
392 91
393 92
394 93
395 93
396 93
397 93
398 93
399 94
400 95
401 95
401 94
402 93
403 94
404 95
405 95
406 95
407 95
408 95
409 96
410 97
411 97
412 97
413 97
414 97
415 97
416 97
417 98
418 99
419 99
420 99
421 100
422 101
423 101
424 101
425 102
426 103
427 104
428 105
429 105
430 105
431 105
432 105
433 105
434 105
435 106
436 107
437 108
438 109
439 109
440 109
441 110
442 111
443 112
444 113
445 113
445 112
446 111
447 112
447 113
447 114
448 115
449 115
450 115
451 116
452 117
453 117
454 117
455 118
456 119
457 119
458 119
459 120
460 121
461 122
462 123
463 124
463 125
463 126
464 127
465 128
466 129
467 130
468 131
469 131
470 131
471 132
472 133
473 133
474 133
475 133
476 133
477 134
477 135
477 136
478 137
479 138
480 139
481 140
482 141
483 141
484 141
485 142
486 143
487 144
488 145
489 146
490 147
491 148
492 149
493 150
493 151
493 152
494 153
495 153
496 153
497 154
498 155
499 156
500 157
501 158
502 159
503 160
504 161
505 162
506 163
507 164
507 165
507 166
508 167
509 167
510 167
511 168
512 169
513 170
513 171
513 172
514 173
515 174
516 175
517 176
518 177
519 178
520 179
521 180
522 181
523 182
523 183
523 184
524 185
525 186
525 187
525 188
526 189
527 190
527 191
527 192
528 193
529 193
530 193
531 193
532 193
533 194
533 195
533 196
533 197
533 198
534 199
535 200
536 201
537 202
537 203
537 204
538 205
539 205
540 205
541 206
541 207
541 208
542 209
543 210
543 211
543 212
543 213
543 214
543 215
543 216
544 217
545 218
546 219
547 220
547 221
547 222
547 223
547 224
547 225
547 226
547 227
547 228
546 229
545 229
545 230
545 231
545 232
544 233
543 233
543 234
543 235
543 236
543 237
543 238
543 238
25
167 239
167 240
167 241
167 242
166 243
165 243
165 244
165 245
165 246
165 247
165 248
165 249
165 250
164 251
163 251
163 252
162 253
161 253
161 254
160 255
159 255
159 256
159 257
159 258
159 258
46
543 239
542 239
541 239
541 240
540 241
539 241
539 242
538 243
537 243
537 244
536 245
535 245
534 245
533 245
533 246
533 247
533 248
532 249
531 249
531 250
530 251
529 251
528 251
527 251
527 252
527 253
527 254
526 255
525 255
525 256
524 257
523 257
522 257
521 257
520 257
519 257
518 257
517 257
517 258
516 259
515 259
515 260
514 261
513 260
512 259
512 259
232
543 239
543 240
544 241
545 241
546 241
547 241
548 241
549 242
550 243
551 243
552 243
553 244
553 245
553 246
553 247
553 248
554 249
555 250
556 251
557 252
558 253
559 254
559 255
559 256
560 257
561 258
562 259
563 260
564 261
565 262
565 263
565 264
566 265
567 266
568 267
569 268
569 269
569 270
570 271
571 272
572 273
573 274
573 275
573 276
573 277
573 278
573 279
573 280
574 281
575 282
576 283
577 284
578 285
579 286
579 287
579 288
580 289
581 290
581 291
581 292
581 293
581 294
582 295
583 296
583 297
583 298
583 299
583 300
583 301
583 302
583 303
583 304
584 305
585 306
585 307
585 308
586 309
587 310
587 311
587 312
587 313
587 314
587 315
587 316
587 317
587 318
587 319
587 320
588 321
589 322
589 323
589 324
589 325
589 326
589 327
589 328
589 329
589 330
588 331
587 331
587 332
588 333
589 334
589 335
589 336
589 337
589 338
589 339
589 340
589 341
589 342
589 343
589 344
589 345
589 346
589 347
589 348
589 349
589 350
589 351
589 352
589 353
589 354
588 355
587 355
586 355
585 355
584 355
583 355
583 356
583 357
583 358
583 359
583 360
583 361
583 362
583 363
583 364
583 365
583 366
582 367
581 367
581 368
581 369
581 370
580 371
579 371
579 372
579 373
579 374
579 375
579 376
578 377
577 377
577 378
576 379
575 379
575 380
574 381
573 381
572 381
571 381
570 381
569 381
569 382
569 383
569 384
568 385
567 385
566 385
565 385
565 386
564 387
563 387
562 387
561 387
561 388
560 389
559 389
558 389
557 389
556 389
555 389
554 389
553 389
552 389
551 389
551 390
550 391
549 391
549 392
548 393
547 393
546 393
545 393
544 393
543 393
542 393
541 393
541 394
540 395
539 395
538 395
537 395
536 395
535 395
535 396
534 397
533 397
532 397
531 397
530 397
529 397
528 397
527 397
526 397
525 396
524 395
523 395
523 396
522 397
521 397
520 397
519 397
518 397
517 397
516 397
515 397
514 397
513 397
512 397
512 397
6
145 257
145 258
144 259
143 259
143 260
143 260
83
159 259
160 259
161 259
161 258
162 257
163 257
163 256
164 255
165 255
165 254
166 253
167 253
167 252
168 251
169 251
169 250
170 249
171 249
172 249
173 249
173 248
174 247
175 247
176 247
177 247
177 246
178 245
179 245
180 245
181 246
182 247
183 247
184 247
185 247
186 247
187 248
188 249
189 250
190 251
191 252
191 253
191 254
192 255
193 256
193 257
193 258
194 259
195 260
195 261
195 262
195 263
195 264
196 265
197 266
197 267
197 268
198 269
199 270
198 271
197 271
197 272
198 273
199 274
198 275
197 275
196 275
195 275
195 276
196 277
197 277
198 277
199 278
199 279
199 280
198 281
197 281
197 282
198 283
199 284
199 285
199 286
200 287
200 287
5
159 259
158 259
157 259
157 260
157 260
6
511 259
511 260
512 261
513 262
514 263
514 263
15
143 261
144 261
145 261
146 261
147 261
148 261
149 261
150 261
151 261
152 261
153 261
154 261
155 261
156 261
156 261
3
143 261
143 262
143 262
3
157 261
157 262
157 262
7
465 261
466 261
467 261
468 261
469 261
470 261
470 261
89
465 261
465 262
464 263
463 263
462 263
461 263
461 264
460 265
459 265
459 266
459 267
459 268
459 269
459 270
458 271
457 271
457 272
457 273
457 274
456 275
455 275
455 276
455 277
455 278
455 279
455 280
455 281
455 282
455 283
455 284
454 285
453 285
453 286
453 287
453 288
453 289
453 290
453 291
453 292
453 293
453 294
453 295
453 296
452 297
451 297
451 298
451 299
451 300
451 301
451 302
451 303
451 304
451 305
451 306
451 307
451 308
451 309
451 310
451 311
451 312
451 313
451 314
452 315
453 316
452 317
451 317
451 318
451 319
451 320
451 321
451 322
451 323
451 324
452 325
453 326
454 327
455 328
456 329
457 330
456 331
455 331
455 332
454 333
453 333
453 334
452 335
451 335
450 335
450 335
9
465 261
465 260
466 259
467 259
468 259
469 259
470 259
471 260
471 260
29
471 261
472 261
473 261
474 261
475 261
476 261
477 261
478 261
479 262
480 263
481 263
482 263
483 263
484 263
485 263
486 263
487 264
488 265
489 266
490 267
491 267
492 267
493 267
494 267
495 267
496 267
497 267
498 267
498 267
9
143 263
144 263
145 263
146 263
147 263
148 263
149 263
150 263
150 263
17
143 263
142 263
141 263
140 263
139 263
139 264
138 265
137 265
137 266
136 267
135 267
135 268
134 269
133 269
133 270
132 271
132 271
8
143 263
143 264
144 265
145 265
146 265
147 265
148 265
148 265
7
151 263
152 263
153 263
154 263
155 263
156 263
156 263
4
151 263
151 264
150 265
150 265
49
157 263
158 263
159 264
160 265
161 265
162 265
163 266
164 267
165 267
166 267
167 268
168 269
169 269
170 269
171 269
172 269
173 270
174 271
175 272
176 273
177 274
178 275
179 276
180 277
181 278
182 279
183 280
184 281
185 281
186 281
187 282
188 283
189 284
190 285
191 286
191 287
191 288
192 289
193 290
194 291
195 292
196 293
197 294
198 295
199 296
199 297
199 298
200 299
200 299
4
515 263
516 263
517 264
517 264
4
515 263
515 264
516 265
516 265
27
149 265
149 266
148 267
147 267
147 268
146 269
145 269
144 269
143 269
143 270
142 271
141 271
140 271
139 271
138 271
137 271
137 272
136 273
135 273
135 274
134 275
133 275
133 276
132 277
131 277
131 278
131 278
8
517 265
518 265
519 266
520 267
521 268
522 269
523 270
523 270
20
499 267
500 267
501 267
502 267
503 267
504 267
505 267
506 267
507 267
508 267
509 268
510 269
511 270
512 271
513 271
514 271
515 271
515 270
516 269
516 269
7
517 269
518 269
519 269
520 269
521 270
522 271
522 271
86
517 269
517 270
518 271
519 271
520 271
521 272
521 273
521 274
522 275
523 276
523 277
523 278
523 279
523 280
524 281
525 282
525 283
525 284
526 285
527 286
527 287
527 288
528 289
529 290
529 291
529 292
530 293
531 294
531 295
531 296
532 297
533 298
533 299
533 300
534 301
535 302
535 303
535 304
536 305
537 306
537 307
537 308
537 309
537 310
538 311
539 312
539 313
539 314
539 315
539 316
539 317
539 318
539 319
539 320
539 321
539 322
539 323
539 324
540 325
541 326
540 327
539 327
539 328
539 329
539 330
539 331
539 332
539 333
539 334
539 335
539 336
539 337
539 338
539 339
539 340
539 341
539 342
539 343
539 344
539 345
539 346
539 347
539 348
539 349
539 350
539 350
5
131 271
130 271
129 271
129 272
129 272
4
131 271
131 272
130 273
130 273
4
415 271
416 271
417 272
417 272
85
523 271
523 272
524 273
525 274
525 275
525 276
526 277
527 278
528 279
529 280
529 281
529 282
529 283
529 284
530 285
531 286
532 287
533 288
533 289
533 290
533 291
533 292
534 293
535 294
535 295
535 296
536 297
537 298
537 299
537 300
538 301
539 302
540 303
541 304
541 305
541 306
541 307
541 308
542 309
543 310
543 311
543 312
543 313
543 314
543 315
543 316
544 317
545 318
545 319
545 320
545 321
545 322
545 323
545 324
545 325
545 326
545 327
545 328
545 329
545 330
544 331
543 331
543 332
543 333
543 334
543 335
543 336
543 337
543 338
543 339
543 340
543 341
543 342
543 343
543 344
542 345
541 345
541 346
542 347
543 348
542 349
541 349
541 350
540 351
540 351
24
129 273
128 273
127 273
127 274
127 275
127 276
126 277
125 277
124 277
123 277
123 278
123 279
123 280
122 281
121 281
121 282
121 283
121 284
120 285
119 285
119 286
119 287
119 288
119 288
5
417 273
418 273
419 274
418 275
418 275
3
417 273
417 274
417 274
8
429 273
430 273
431 274
432 275
433 275
433 274
434 273
434 273
39
429 273
428 273
427 273
426 273
425 273
424 273
423 273
423 274
423 275
423 276
423 277
423 278
424 279
425 280
425 281
425 282
426 283
427 284
428 285
429 286
429 287
429 288
430 289
431 290
431 291
431 292
431 293
431 294
432 295
433 296
433 297
433 298
433 299
433 300
433 301
433 302
434 303
435 304
435 304
38
435 273
436 273
437 274
437 275
437 276
438 277
439 278
439 279
439 280
438 281
437 281
437 282
438 283
439 284
439 285
439 286
439 287
439 288
439 289
439 290
439 291
439 292
440 293
441 294
441 295
441 296
441 297
441 298
441 299
441 300
440 301
439 301
439 302
438 303
437 303
437 304
436 305
436 305
12
417 275
416 275
415 275
415 276
414 277
413 277
413 278
414 279
415 280
415 281
415 282
415 282
16
225 277
225 278
225 279
225 280
225 281
225 282
226 283
227 284
227 285
227 286
227 287
227 288
226 289
225 289
225 290
225 290
5
131 279
130 279
129 279
129 280
129 280
4
131 279
131 280
130 281
130 281
16
129 281
128 281
127 281
127 282
127 283
127 284
126 285
125 285
124 285
123 285
123 286
122 287
121 287
121 288
120 289
120 289
12
205 281
206 281
207 282
208 283
209 283
210 283
211 283
211 282
212 281
213 281
214 281
214 281
9
205 281
205 282
205 283
205 284
204 285
203 285
203 286
202 287
202 287
46
215 281
215 282
214 283
213 283
213 284
213 285
213 286
213 287
213 288
212 289
211 289
211 290
211 291
211 292
211 293
211 294
211 295
211 296
210 297
209 297
209 298
209 299
209 300
209 301
209 302
209 303
209 304
209 305
209 306
209 307
209 308
210 309
211 310
211 311
211 312
211 313
211 314
211 315
211 316
212 317
213 318
213 319
213 320
213 321
213 322
213 322
42
415 283
416 283
417 283
418 283
419 284
419 285
419 286
419 287
419 288
419 289
419 290
419 291
419 292
419 293
419 294
419 295
419 296
419 297
419 298
419 299
419 300
420 301
421 302
421 303
421 304
422 305
423 306
422 307
421 307
421 308
420 309
419 309
419 310
419 311
419 312
419 313
419 314
418 315
417 315
417 316
416 317
416 317
25
415 283
414 283
413 283
413 284
412 285
411 285
411 286
410 287
409 287
409 288
409 289
409 290
410 291
411 292
410 293
409 293
408 293
407 293
406 293
405 293
404 293
403 293
403 294
404 295
404 295
13
201 287
201 288
201 289
201 290
201 291
201 292
201 293
201 294
201 295
201 296
201 297
201 298
201 298
71
119 289
118 289
117 289
117 290
116 291
115 291
115 292
115 293
115 294
114 295
113 295
113 296
113 297
113 298
113 299
113 300
112 301
111 301
111 302
111 303
111 304
111 305
111 306
111 307
111 308
110 309
109 309
109 310
109 311
109 312
109 313
109 314
109 315
109 316
109 317
109 318
109 319
109 320
109 321
109 322
109 323
109 324
109 325
109 326
109 327
109 328
109 329
109 330
109 331
109 332
109 333
109 334
109 335
109 336
109 337
109 338
110 339
111 340
111 341
111 342
110 343
109 343
109 344
109 345
109 346
110 347
111 347
112 347
113 348
114 349
114 349
70
119 289
119 290
119 291
119 292
118 293
117 293
117 294
117 295
117 296
117 297
117 298
117 299
117 300
117 301
117 302
116 303
115 303
115 304
115 305
115 306
114 307
113 307
113 308
114 309
115 310
114 311
113 311
112 311
111 311
111 312
111 313
111 314
111 315
111 316
111 317
111 318
111 319
111 320
111 321
111 322
111 323
111 324
111 325
111 326
111 327
111 328
112 329
113 330
112 331
111 331
111 332
111 333
111 334
112 335
113 335
114 335
115 336
115 337
115 338
115 339
115 340
115 341
115 342
115 343
115 344
115 345
115 346
115 347
115 348
115 348
5
225 291
226 291
227 292
228 293
228 293
10
225 291
225 292
226 293
227 294
226 295
225 295
225 296
226 297
227 298
227 298
4
229 293
230 293
231 294
231 294
8
229 293
229 294
229 295
229 296
229 297
229 298
228 299
228 299
3
231 295
232 295
232 295
6
231 295
231 296
232 297
233 297
233 296
233 296
11
233 295
233 294
233 293
233 292
234 291
235 292
235 293
235 294
235 295
235 296
235 296
44
405 295
406 295
407 296
407 297
407 298
407 299
407 300
408 301
409 301
410 301
411 302
412 303
413 304
412 305
411 305
410 305
409 305
408 305
407 305
406 305
405 305
405 306
406 307
407 307
408 307
409 307
410 307
411 307
412 307
413 308
414 309
415 309
416 309
417 310
417 311
417 312
416 313
415 313
414 313
413 313
413 314
414 315
415 316
415 316
6
405 295
405 296
404 297
403 297
402 297
402 297
7
235 297
236 297
237 297
238 297
239 298
240 299
240 299
12
235 297
235 298
235 299
235 300
236 301
237 301
238 301
239 301
240 301
241 301
241 300
241 300
3
395 297
396 297
396 297
55
395 297
394 297
393 297
392 297
391 297
390 297
389 297
389 298
389 299
389 300
388 301
387 301
386 301
385 301
385 302
384 303
383 303
383 304
382 305
381 305
381 306
380 307
379 307
379 308
378 309
377 309
376 309
375 309
375 310
374 311
373 310
372 309
371 309
370 309
369 309
368 309
367 309
366 309
365 309
364 309
363 309
362 309
361 309
360 309
359 309
358 309
357 309
357 310
356 311
355 311
354 311
353 311
352 311
351 310
351 310
53
395 297
395 298
395 299
395 300
395 301
395 302
394 303
393 303
392 303
391 303
391 304
392 305
393 305
394 305
395 306
394 307
393 307
393 308
392 309
391 309
391 310
392 311
393 312
394 313
395 314
395 315
395 316
394 317
393 317
393 318
394 319
395 320
395 321
395 322
395 323
395 324
395 325
395 326
395 327
395 328
394 329
393 329
393 330
393 331
393 332
394 333
395 333
396 333
397 333
398 333
399 333
400 333
400 333
5
397 297
398 297
399 297
400 297
400 297
12
397 297
397 298
397 299
397 300
398 301
399 301
400 301
401 301
401 300
401 299
401 298
401 298
88
201 299
201 300
201 301
201 302
201 303
201 304
201 305
201 306
200 307
199 307
199 308
199 309
199 310
200 311
201 312
201 313
201 314
201 315
201 316
201 317
201 318
200 319
199 319
199 320
199 321
199 322
199 323
199 324
198 325
197 324
196 323
195 323
195 324
194 325
193 325
193 326
193 327
193 328
193 329
193 330
193 331
193 332
193 333
193 334
194 335
195 335
196 335
197 336
197 337
197 338
197 339
197 340
197 341
197 342
198 343
199 344
200 345
201 345
201 344
202 343
203 343
204 343
205 344
206 345
207 345
208 345
209 346
209 347
209 348
210 349
211 349
211 348
211 347
211 346
211 345
211 344
211 343
211 342
211 341
211 340
211 339
211 338
211 337
211 336
212 335
213 335
213 334
213 334
18
227 299
226 299
225 299
224 299
223 299
223 300
223 301
223 302
223 303
223 304
222 305
221 305
221 306
221 307
221 308
222 309
223 310
223 310
15
227 299
227 300
227 301
227 302
227 303
227 304
227 305
227 306
227 307
227 308
226 309
225 309
225 310
224 311
224 311
4
241 299
242 299
243 300
243 300
3
243 301
244 301
244 301
6
243 301
243 302
244 303
245 303
245 302
245 302
4
245 301
246 301
247 302
247 302
50
247 303
248 303
249 304
250 305
251 305
252 305
253 305
254 305
255 305
256 305
257 306
256 307
255 307
255 308
256 309
257 309
258 309
259 309
260 309
261 309
262 309
263 309
264 309
265 309
266 309
267 309
268 309
269 309
270 309
271 309
272 309
273 309
274 309
275 309
276 309
277 309
278 309
279 309
280 309
281 309
282 309
283 309
284 309
285 309
286 309
287 310
288 311
289 311
289 310
289 310
47
247 303
247 304
247 305
247 306
248 307
249 308
248 309
247 309
247 310
246 311
245 311
245 312
246 313
247 313
248 313
249 314
249 315
249 316
249 317
249 318
249 319
249 320
248 321
247 321
247 322
247 323
247 324
247 325
247 326
248 327
249 328
249 329
249 330
248 331
247 331
247 332
246 333
245 333
245 334
244 335
243 334
242 333
241 332
240 331
239 331
238 331
238 331
38
435 305
435 306
435 307
435 308
434 309
433 309
433 310
433 311
433 312
432 313
431 313
431 314
431 315
431 316
430 317
429 317
429 318
429 319
429 320
429 321
429 322
428 323
427 323
427 324
427 325
427 326
426 327
425 327
425 328
424 329
423 329
423 330
422 331
421 331
421 332
421 333
421 334
421 334
10
289 309
290 309
291 309
292 309
293 310
294 311
295 311
295 310
296 309
296 309
23
289 309
288 309
287 308
288 307
289 307
290 307
291 307
291 306
291 305
291 304
291 303
291 302
292 301
293 301
294 301
295 302
295 303
295 304
295 305
295 306
296 307
297 308
297 308
29
297 309
297 310
298 311
299 312
300 313
301 313
302 313
303 314
304 315
305 316
306 317
307 317
307 316
308 315
309 316
310 317
311 317
312 317
313 318
313 319
313 320
313 321
313 322
314 323
315 323
315 322
316 321
317 322
317 322
3
349 309
350 309
350 309
25
349 309
348 309
347 308
347 307
347 306
347 305
347 304
347 303
347 302
348 301
349 301
350 301
351 302
351 303
351 304
352 305
353 305
354 305
355 306
355 307
355 308
354 309
353 309
352 309
352 309
31
349 309
349 310
348 311
347 311
347 312
346 313
345 313
345 314
344 315
343 315
342 315
341 315
341 316
340 317
339 317
338 317
337 317
336 317
335 317
335 318
334 319
333 319
332 319
331 319
331 320
331 321
331 322
330 323
329 323
328 323
328 323
23
223 311
223 312
224 313
225 314
226 315
227 316
227 317
227 318
227 319
227 320
228 321
229 322
230 323
231 324
231 325
231 326
232 327
233 327
234 327
235 328
236 329
237 330
237 330
22
415 317
415 318
415 319
415 320
414 321
413 321
412 321
411 321
411 322
411 323
411 324
410 325
409 325
409 326
408 327
407 327
406 327
405 327
404 327
403 327
403 328
403 328
12
213 323
214 323
215 324
215 325
215 326
216 327
217 328
218 329
219 330
219 331
219 332
219 332
15
213 323
212 323
211 323
210 323
209 323
209 324
209 325
209 326
209 327
209 328
210 329
211 330
212 331
213 332
213 332
22
317 323
318 323
319 323
319 322
319 321
319 320
319 319
319 318
319 317
319 316
320 315
321 315
322 315
323 316
324 317
325 318
325 319
325 320
325 321
325 322
326 323
326 323
97
317 323
317 324
317 325
317 326
318 327
319 328
319 329
319 330
319 331
319 332
319 333
319 334
319 335
319 336
319 337
319 338
320 339
321 340
321 341
321 342
321 343
321 344
321 345
321 346
321 347
321 348
321 349
321 350
321 351
321 352
321 353
321 354
321 355
321 356
321 357
321 358
321 359
321 360
321 361
321 362
321 363
321 364
321 365
321 366
321 367
321 368
322 369
323 369
324 369
325 369
325 368
325 367
325 366
325 365
325 364
325 363
325 362
325 361
325 360
325 359
325 358
325 357
325 356
325 355
325 354
325 353
325 352
325 351
325 350
325 349
325 348
325 347
325 346
325 345
325 344
325 343
325 342
325 341
325 340
325 339
325 338
325 337
325 336
326 335
327 335
327 334
327 333
327 332
327 331
327 330
327 329
327 328
327 327
327 326
327 325
327 324
327 324
5
403 329
404 329
405 330
404 331
404 331
3
403 329
403 330
403 330
26
237 331
237 332
238 333
239 333
240 333
241 334
241 335
241 336
242 337
243 337
244 337
245 338
246 339
247 340
247 341
247 342
247 343
247 344
248 345
249 346
248 347
247 347
247 348
247 349
247 350
247 350
5
403 331
402 331
401 331
401 332
401 332
4
403 331
403 332
402 333
402 333
7
213 333
214 333
215 333
216 333
217 333
218 333
218 333
32
219 333
220 333
221 333
222 333
223 334
223 335
223 336
224 337
225 337
226 337
227 338
228 339
229 340
230 341
231 341
232 341
233 342
234 343
235 344
236 345
237 346
238 347
239 347
239 346
240 345
241 346
242 347
243 348
244 349
245 350
246 351
246 351
25
401 333
401 334
400 335
399 335
399 336
398 337
397 337
397 338
397 339
397 340
396 341
395 341
395 342
395 343
395 344
395 345
395 346
395 347
395 348
394 349
393 349
393 350
393 351
393 352
393 352
17
421 335
422 335
423 335
424 335
425 335
426 335
427 336
428 337
429 337
430 337
431 337
432 337
433 338
434 339
435 339
436 339
436 339
20
421 335
420 335
419 335
418 335
417 335
417 336
417 337
417 338
416 339
415 339
414 339
413 339
413 340
412 341
411 341
411 342
410 343
409 343
408 343
408 343
9
449 335
448 335
447 335
447 336
446 337
445 337
445 338
444 339
444 339
19
449 335
449 336
449 337
449 338
449 339
449 340
449 341
449 342
449 343
449 344
448 345
447 345
446 345
445 344
445 343
445 342
444 341
443 340
443 340
5
437 339
438 339
439 339
440 339
440 339
18
437 339
437 340
437 341
437 342
438 343
439 344
439 345
439 346
440 347
441 347
441 346
441 345
441 344
441 343
441 342
441 341
441 340
441 340
3
441 339
442 339
442 339
5
407 343
406 343
405 343
405 344
405 344
22
407 343
407 344
408 345
409 345
410 345
411 346
411 347
411 348
410 349
409 349
409 350
409 351
409 352
408 353
407 352
406 351
405 350
405 349
405 348
405 347
405 346
405 346
17
405 345
404 345
403 345
403 346
402 347
401 347
400 347
399 347
399 348
398 349
397 349
397 350
396 351
395 351
395 352
394 353
394 353
61
115 349
115 350
114 351
113 351
113 352
114 353
115 353
116 353
117 353
118 353
119 353
120 353
121 354
121 355
121 356
121 357
121 358
121 359
121 360
122 361
123 361
123 360
124 359
125 360
126 361
127 362
128 363
129 364
129 365
129 366
129 367
129 368
129 369
129 370
130 371
131 372
131 373
131 374
131 375
131 376
131 377
131 378
131 379
131 380
131 381
131 382
132 383
133 384
133 385
133 386
133 387
133 388
133 389
133 390
133 391
133 392
133 393
133 394
133 395
133 396
133 396
12
247 351
247 352
248 353
249 353
250 353
251 354
252 355
253 356
253 357
253 358
254 359
254 359
69
539 351
538 351
537 351
537 352
537 353
537 354
536 355
535 355
535 356
535 357
535 358
534 359
533 359
533 360
532 361
531 361
530 361
529 361
529 362
529 363
529 364
529 365
529 366
528 367
527 367
527 368
526 369
525 369
524 369
523 369
523 370
523 371
523 372
522 373
521 373
521 374
522 375
523 376
522 377
521 376
520 375
519 375
519 376
518 377
517 377
517 378
517 379
517 380
517 381
517 382
517 383
517 384
517 385
517 386
517 387
517 388
517 389
517 390
517 391
517 392
516 393
515 393
515 394
514 395
513 395
512 395
511 395
511 396
511 396
11
393 353
393 354
393 355
393 356
392 357
391 357
391 358
391 359
391 360
390 361
390 361
188
255 359
256 359
257 360
258 361
259 362
260 363
261 364
262 365
263 366
264 367
265 368
266 369
267 370
268 371
269 372
270 373
271 374
271 375
271 376
271 377
271 378
272 379
273 380
273 381
273 382
274 383
275 384
276 385
277 386
277 387
277 388
278 389
279 390
280 391
281 391
282 391
283 392
284 393
285 393
286 393
287 394
287 395
287 396
288 397
289 397
290 397
291 397
292 397
293 397
294 397
295 398
295 399
295 400
296 401
297 401
298 401
299 402
300 403
301 403
302 403
303 403
303 402
304 401
305 401
306 401
307 401
308 401
309 401
309 400
310 399
311 399
311 398
312 397
313 397
314 397
315 397
316 397
317 397
317 396
317 395
317 394
318 393
319 393
319 392
320 391
321 391
321 390
321 389
321 388
322 387
323 387
323 386
324 385
325 385
326 385
327 386
328 387
329 388
329 389
329 390
330 391
331 391
332 391
333 392
334 393
335 393
336 393
337 394
338 395
339 396
340 397
341 397
342 397
343 397
344 397
345 398
346 399
347 399
348 399
349 399
350 399
351 399
352 399
353 399
354 399
355 399
356 399
357 399
357 398
358 397
359 397
360 397
361 397
362 397
363 397
363 396
364 395
365 395
365 394
366 393
367 393
367 392
367 391
367 390
368 389
369 389
370 389
371 389
371 388
371 387
371 386
372 385
373 385
373 384
373 383
373 382
373 381
373 380
374 379
375 379
376 379
377 379
377 378
376 377
375 376
376 375
377 375
377 374
378 373
379 373
379 372
380 371
381 371
381 370
382 369
383 369
383 368
384 367
385 367
385 366
385 365
385 364
385 363
385 362
386 361
387 361
388 361
388 361
155
255 359
255 360
254 361
253 361
252 361
251 361
251 362
251 363
251 364
250 365
249 365
249 366
248 367
247 367
247 368
246 369
245 369
245 370
244 371
243 371
242 371
241 371
240 371
239 371
239 372
239 373
239 374
238 375
237 375
236 375
235 375
234 375
233 375
232 375
231 375
230 375
229 375
228 375
227 375
226 375
225 375
225 376
225 377
225 378
224 379
223 379
222 379
221 379
220 379
219 379
219 380
218 381
217 381
217 382
216 383
215 383
215 384
215 385
215 386
214 387
213 387
213 388
213 389
213 390
212 391
211 391
210 391
209 391
209 392
208 393
207 393
207 394
207 395
207 396
206 397
205 397
204 397
203 397
202 397
201 397
201 398
201 399
201 400
200 401
199 401
198 401
197 401
196 401
195 401
194 401
193 401
192 401
191 401
190 401
189 401
189 402
188 403
187 403
186 403
185 403
184 403
183 403
182 403
181 403
180 403
179 403
178 403
177 403
176 403
175 403
174 403
173 403
172 403
171 403
170 403
169 403
168 403
167 403
166 403
165 402
164 401
163 400
162 399
161 399
161 400
160 401
159 401
158 401
157 401
156 401
155 401
154 401
153 400
152 399
151 399
150 399
149 399
148 399
147 399
147 400
146 401
145 400
144 399
143 399
142 399
141 398
140 397
139 396
138 395
137 395
136 395
135 395
135 396
134 397
134 397
26
389 361
389 362
390 363
391 363
392 363
393 363
394 363
395 363
396 363
397 364
398 365
399 366
400 367
401 368
402 369
403 369
404 369
405 370
406 371
407 371
408 371
409 371
410 371
411 371
412 371
412 371
3
413 371
414 371
414 371
5
413 371
413 370
414 369
415 370
415 370
111
415 371
416 371
417 372
418 373
419 373
420 373
421 373
422 373
423 373
424 373
425 374
426 375
427 375
428 375
429 375
430 375
431 376
432 377
433 377
434 377
435 378
435 379
435 380
436 381
437 382
438 383
439 384
440 385
441 385
442 385
443 385
444 385
445 386
445 387
445 388
446 389
447 390
447 391
447 392
447 393
447 394
447 395
447 396
448 397
449 397
450 397
451 397
452 397
453 398
454 399
455 399
456 399
457 399
458 399
459 400
460 401
461 402
462 403
463 403
464 403
465 403
466 403
467 403
468 403
469 403
469 402
470 401
471 401
472 401
473 402
474 403
475 403
476 403
477 403
478 403
479 403
479 402
480 401
481 401
482 401
483 401
484 401
485 401
486 401
487 401
488 401
489 401
490 401
491 401
492 401
493 401
493 400
494 399
495 399
496 399
497 399
498 399
499 399
499 398
500 397
501 397
502 397
503 397
504 397
505 397
506 397
507 397
508 397
509 397
510 397
510 397
7
367 135
368 135
369 136
368 137
367 136
367 135
367 135
7
323 153
324 153
325 154
324 155
323 154
323 153
323 153
42
419 337
420 337
421 338
421 339
421 340
421 341
421 342
421 343
421 344
421 345
421 346
422 347
423 347
423 346
423 345
423 344
424 343
425 344
425 345
425 346
425 347
425 348
425 349
425 350
424 351
423 351
422 351
421 350
420 349
419 348
419 347
419 346
419 345
419 344
419 343
419 342
419 341
419 340
419 339
419 338
419 337
419 337
88
399 355
400 355
401 355
402 355
403 356
403 357
403 358
404 359
405 359
405 358
405 357
405 356
406 355
407 355
408 355
409 355
410 355
411 355
412 355
413 355
414 355
415 356
416 357
417 357
418 357
419 357
419 356
420 355
421 355
422 355
423 355
424 355
425 356
426 357
427 357
428 357
429 358
428 359
427 359
426 359
425 359
425 360
424 361
423 361
423 362
424 363
425 364
425 365
425 366
424 367
423 366
422 365
421 365
420 365
419 364
419 363
419 362
418 361
417 361
416 361
415 361
414 361
413 361
412 361
411 361
410 361
409 361
408 361
407 361
407 362
407 363
407 364
407 365
407 366
406 367
405 366
405 365
405 364
405 363
405 362
404 361
403 360
402 359
401 358
400 357
399 356
399 355
399 355
33
281 357
282 357
283 357
284 357
285 358
285 359
285 360
284 361
283 361
283 362
282 363
281 363
281 364
280 365
279 365
279 366
278 367
277 367
276 367
275 366
276 365
277 365
277 364
278 363
279 363
279 362
279 361
279 360
280 359
281 359
281 358
281 357
281 357
19
367 359
368 359
369 359
370 359
371 360
371 361
371 362
372 363
373 364
372 365
371 364
370 363
369 363
368 363
367 362
367 361
367 360
367 359
367 359
15
427 361
428 361
429 362
429 363
429 364
429 365
429 366
428 367
427 366
427 365
427 364
427 363
427 362
427 361
427 361
7
423 369
424 369
425 370
424 371
423 370
423 369
423 369
