108
34
0
2
6
11
21
25
38
63
68
70
123
136
153
162
163
180
191
194
195
206
212
219
235
241
242
248
257
278
281
286
288
297
299
300



0
0
0
0
255
255
255
8
1
2
3
5
7
9
12
14
249
31
101
8
0
1
4
5
8
10
15
17
23
222
211
13
8
9
18
19
27
30
31
51
56
73
75
77
79
166
126
251
2
3
4
0
0
0
8
6
7
13
14
19
20
22
55
187
203
221
9
10
11
16
17
18
24
26
28
34
226
180
1
2
12
13
0
0
0
2
15
16
0
0
0
12
20
21
23
55
56
74
91
122
141
149
154
166
154
145
19
2
22
23
0
0
0
5
24
25
29
34
37
115
61
164
6
26
27
33
37
38
57
146
97
237
2
28
29
0
0
0
5
30
32
33
35
42
186
222
110
5
31
32
36
40
52
14
51
116
7
35
36
39
41
43
45
47
109
201
198
7
41
42
48
49
57
63
65
247
8
58
4
39
40
44
53
46
117
197
8
43
44
46
47
48
50
54
61
217
221
60
2
45
46
186
222
110
4
49
50
64
66
163
16
221
21
51
52
53
54
58
59
80
84
101
104
107
110
116
118
129
137
160
175
177
178
185
200
125
173
11
61
62
64
67
72
96
98
103
111
132
135
32
123
195
4
59
60
119
131
156
242
254
4
58
60
62
95
146
144
69
7
65
66
67
68
69
71
81
3
192
243
5
69
70
85
90
105
218
207
247
4
71
72
82
87
90
76
78
20
91
92
97
100
108
110
117
118
130
137
140
183
203
238
252
253
270
271
273
276
198
91
250
5
73
74
76
92
93
250
208
20
3
75
76
78
63
62
192
8
77
78
83
84
94
100
102
104
93
155
245
3
79
80
83
23
32
187
5
81
82
85
86
88
83
22
167
4
88
89
90
106
53
59
200
6
86
87
89
103
109
112
68
215
192
3
93
94
97
63
62
192
6
95
96
99
114
119
120
200
125
173
3
98
99
113
142
249
244
2
101
102
23
32
187
11
105
106
109
115
124
127
136
142
143
148
151
71
230
8
2
107
108
23
32
187
15
111
112
115
125
138
139
142
144
145
147
158
170
172
182
192
175
0
204
5
113
114
121
132
133
18
8
253
2
116
117
23
32
187
11
120
121
131
134
155
157
160
174
187
189
191
146
235
0
8
122
123
140
141
150
154
167
280
76
123
149
2
125
126
187
240
177
4
124
126
128
139
193
80
58
2
156
157
54
19
10
3
127
128
138
22
7
0
2
129
130
23
32
187
8
133
134
135
145
159
161
163
165
225
49
99
3
143
144
146
165
109
163
5
146
147
148
152
171
19
69
219
2
149
150
0
0
0
4
151
152
153
173
220
208
89
5
155
156
161
162
174
18
8
253
4
158
159
164
168
29
245
166
5
181
182
193
201
207
173
209
9
8
164
165
169
180
259
262
279
282
0
26
230
2
166
167
0
0
0
6
168
169
170
196
250
258
199
28
48
7
175
176
183
184
188
198
202
14
51
116
3
176
177
179
64
149
175
8
171
172
173
181
194
200
211
216
29
234
218
6
192
193
196
208
249
251
91
53
84
4
178
179
184
186
46
117
197
6
185
186
187
188
190
197
231
1
33
5
189
190
195
199
204
246
101
236
8
197
198
199
205
209
213
215
231
230
201
174
5
200
201
210
217
227
0
0
0
4
202
203
209
237
231
1
33
9
204
205
206
220
221
223
226
236
240
247
117
218
5
207
208
210
228
245
217
199
228
6
214
215
220
222
224
232
199
45
196
2
225
226
134
234
238
3
211
212
218
216
29
157
4
213
214
230
233
71
55
5
5
221
222
234
255
267
115
123
235
4
223
224
225
240
180
201
52
5
216
217
218
219
229
48
52
30
6
227
228
229
241
244
246
101
87
235
6
230
231
237
238
239
287
148
147
75
5
232
233
234
239
285
13
247
78
6
235
236
243
255
266
270
178
92
250
4
242
243
256
271
29
198
53
7
244
245
247
251
260
264
272
229
115
104
5
246
247
248
265
277
244
148
46
4
249
250
260
263
217
199
228
4
253
254
280
281
204
169
146
4
252
254
293
300
171
204
81
4
256
257
273
293
201
7
94
7
258
259
261
263
268
272
274
73
40
161
4
264
265
274
275
91
53
84
10
261
262
269
284
288
289
291
292
295
296
254
65
236
5
266
267
276
285
287
103
181
182
5
268
269
275
277
286
152
140
105
0
255
255
255
12
278
279
283
289
290
292
294
296
297
298
301
303
150
55
239
0
0
0
0
3
282
283
284
152
140
105
2
290
291
152
140
105
2
294
295
152
140
105
4
298
299
302
303
73
40
161
2
301
302
152
140
105