150
0
2
0
2
9
2
1
3
2
0
3
9
1
3
1
3
2
0
2
2
4
1
3
2
0
2
3
5
1
3
2
0
2
4
6
1
3
2
0
2
5
7
1
3
2
0
2
6
8
1
3
2
0
2
10
7
1
3
2
0
4
1
19
2
18
1
3
2
0
2
8
20
3
1
2
0
2
27
12
1
3
2
0
3
27
11
13
1
3
2
0
2
12
14
1
3
2
0
2
13
15
1
3
2
0
2
14
16
1
3
2
0
2
15
17
1
3
2
0
2
16
18
1
3
2
0
3
9
17
19
1
3
2
0
2
9
18
3
1
2
0
2
10
21
3
1
2
0
2
20
22
1
3
2
0
2
21
23
1
3
2
0
2
22
24
1
3
2
0
2
23
25
1
3
2
0
2
24
26
1
3
2
0
2
28
25
1
3
2
0
4
11
33
12
32
1
3
2
0
2
26
34
3
1
2
0
2
35
30
1
3
2
0
3
35
29
31
1
3
2
0
2
30
32
1
3
2
0
3
27
31
33
1
3
2
0
2
27
32
3
1
2
0
2
28
36
3
1
2
0
4
29
39
30
38
1
3
2
0
2
34
40
3
1
2
0
2
41
38
1
3
2
0
4
35
41
37
39
1
3
2
0
2
35
38
3
1
2
0
2
36
42
3
1
2
0
4
37
45
38
44
1
3
2
0
2
40
46
3
1
2
0
2
47
44
1
3
2
0
4
41
47
43
45
1
3
2
0
2
41
44
3
1
2
0
2
42
48
3
1
2
0
3
43
49
44
1
3
2
0
2
46
50
3
1
2
0
2
47
51
1
3
2
0
2
48
52
3
1
2
0
3
49
55
54
1
3
2
0
2
56
50
3
1
2
0
2
57
54
1
3
2
0
4
51
57
53
55
1
3
2
0
2
51
54
3
1
2
0
2
52
58
3
1
2
0
4
53
61
54
60
1
3
2
0
2
56
62
3
1
2
0
2
63
60
1
3
2
0
4
57
63
59
61
1
3
2
0
2
57
60
3
1
2
0
2
58
64
3
1
2
0
4
59
67
60
66
1
3
2
0
2
62
68
3
1
2
0
2
69
66
1
3
2
0
4
63
69
65
67
1
3
2
0
2
63
66
3
1
2
0
2
64
70
3
1
2
0
3
65
71
66
1
3
2
0
2
68
72
3
1
2
0
2
69
73
1
3
2
0
2
70
74
3
1
2
0
2
71
75
1
3
2
0
2
72
76
3
1
2
0
2
73
77
1
3
2
0
2
74
78
3
1
2
0
2
75
79
1
3
2
0
2
76
80
3
1
2
0
2
77
81
1
3
2
0
2
78
82
3
1
2
0
2
83
79
1
3
2
0
2
80
84
3
1
2
0
2
81
85
1
3
2
0
2
82
86
3
1
2
0
2
83
87
1
3
2
0
2
84
88
3
1
2
0
2
85
89
1
3
2
0
2
86
90
3
1
2
0
2
87
91
1
3
2
0
2
88
92
3
1
2
0
2
89
93
1
3
2
0
2
90
94
3
1
2
0
2
95
91
1
3
2
0
3
92
98
97
3
1
2
0
2
93
99
1
3
2
0
2
100
97
3
1
2
0
4
94
100
96
98
3
1
2
0
2
94
97
1
3
2
0
2
95
101
1
3
2
0
4
96
104
97
103
3
1
2
0
2
99
105
1
3
2
0
2
106
103
3
1
2
0
4
100
106
102
104
3
1
2
0
2
100
103
1
3
2
0
2
101
107
1
3
2
0
4
102
112
103
111
3
1
2
0
2
105
113
1
3
2
0
2
114
109
3
1
2
0
3
114
108
110
3
1
2
0
2
109
111
3
1
2
0
3
106
110
112
3
1
2
0
2
106
111
1
3
2
0
2
107
115
1
3
2
0
3
108
116
109
3
1
2
0
2
113
117
1
3
2
0
2
114
118
3
1
2
0
2
115
119
1
3
2
0
3
116
130
129
3
1
2
0
2
117
120
1
3
2
0
2
119
121
3
1
2
0
2
120
122
3
1
2
0
2
121
123
3
1
2
0
2
122
124
3
1
2
0
2
123
125
3
1
2
0
2
124
126
3
1
2
0
2
125
127
3
1
2
0
2
131
126
3
1
2
0
2
132
129
3
1
2
0
4
118
132
128
130
3
1
2
0
2
118
129
1
3
2
0
2
127
133
1
3
2
0
4
128
140
129
139
3
1
2
0
2
131
134
1
3
2
0
2
133
135
3
1
2
0
2
134
136
3
1
2
0
2
135
137
3
1
2
0
2
141
136
3
1
2
0
2
142
139
3
1
2
0
4
132
142
138
140
3
1
2
0
2
132
139
1
3
2
0
2
137
143
1
3
2
0
4
138
150
139
149
3
1
2
0
2
141
144
1
3
2
0
2
143
145
3
1
2
0
2
144
146
3
1
2
0
2
145
147
3
1
2
0
2
146
148
3
1
2
0
2
147
149
3
1
2
0
3
142
148
150
3
1
2
0
2
142
149
1
3
