1028
516
1
138
453.000000
477.000000
453.333333
477.000000
453.666667
477.000000
454.000000
477.000000
454.333333
477.000000
454.666667
477.000000
455.000000
477.000000
455.333333
477.000000
455.666667
477.000000
456.000000
477.000000
456.333333
477.000000
456.666667
477.000000
457.000000
477.000000
457.333333
477.000000
457.666667
477.000000
458.000000
477.000000
458.333333
477.000000
458.666667
477.000000
459.000000
477.000000
459.333333
477.000000
459.701858
476.850929
460.000000
477.000000
460.421637
477.210819
460.666667
477.666667
461.000000
478.000000
461.333333
478.333333
461.578363
478.789181
462.000000
479.000000
462.298142
479.149071
462.666667
479.000000
463.000000
479.000000
463.333333
479.000000
463.666667
479.000000
464.000000
479.000000
464.333333
479.000000
464.666667
479.000000
465.000000
479.000000
465.333333
479.000000
465.666667
479.000000
466.000000
479.000000
466.333333
479.000000
466.666667
479.000000
467.000000
479.000000
467.333333
479.000000
467.701858
478.850929
468.000000
479.000000
468.421637
479.210819
468.666667
479.666667
469.000000
480.000000
469.333333
480.333333
469.666667
480.666667
470.000000
481.000000
470.333333
481.333333
470.666667
481.666667
471.000000
482.000000
471.333333
482.333333
471.666667
482.666667
472.000000
483.000000
472.333333
483.333333
472.666667
483.666667
473.000000
484.000000
473.333333
484.333333
473.666667
484.666667
474.000000
485.000000
474.333333
485.333333
474.666667
485.666667
475.000000
486.000000
475.333333
486.333333
475.666667
486.666667
476.000000
487.000000
476.333333
487.333333
476.789181
487.578363
477.000000
488.000000
477.149071
488.298142
477.000000
488.666667
477.000000
489.000000
477.000000
489.333333
477.000000
489.666667
477.000000
490.000000
477.000000
490.333333
477.000000
490.666667
477.000000
491.000000
477.000000
491.333333
477.000000
491.666667
477.000000
492.000000
477.000000
492.333333
477.000000
492.666667
477.000000
493.000000
477.000000
493.333333
477.000000
493.666667
477.000000
494.000000
477.000000
494.333333
477.000000
494.666667
477.000000
495.000000
477.000000
495.333333
477.000000
495.666667
477.000000
496.000000
477.000000
496.333333
477.000000
496.666667
477.000000
497.000000
477.000000
497.333333
477.000000
497.666667
477.000000
498.000000
477.000000
498.333333
477.000000
498.666667
477.000000
499.000000
477.000000
499.333333
477.000000
499.666667
477.000000
500.000000
477.000000
500.333333
477.000000
500.666667
477.000000
501.000000
477.000000
501.333333
477.000000
501.666667
477.000000
502.000000
477.000000
502.333333
477.000000
502.666667
477.000000
503.000000
477.000000
503.333333
477.000000
503.666667
477.000000
504.000000
477.000000
504.333333
477.000000
504.666667
477.000000
505.000000
477.000000
505.333333
477.149071
505.701858
477.000000
506.000000
476.789181
506.421637
476.421637
506.789181
476.000000
507.000000
475.701858
507.149071
475.235702
506.764298
475.000000
507.000000
474.764298
507.235702
475.149071
507.701858
475.000000
508.000000
474.789181
508.421637
474.421637
508.789181
474.000000
509.000000
473.701858
509.149071
473.235702
508.764298
473.000000
509.000000
472.764298
509.235702
473.149071
509.701858
473.000000
510.000000
472.789181
510.421637
472.421637
510.789181
472.000000
511.000000
471.701858
511.149071
471.333333
511.000000
471.000000
511.000000
470.666667
511.000000
470.333333
511.000000
470.000000
511.000000
469.666667
511.000000
469.235702
510.764298
469.000000
511.000000
468.764298
511.235702
469.000000
511.666667
469.000000
512.000000
469.000000
512.333333
469.000000
512.666667
469.000000
513.000000
469.000000
513.333333
469.149071
513.701858
469.000000
514.000000
468.789181
514.421637
468.421637
514.789181
468.000000
515.000000
467.701858
515.149071
467.235702
514.764298
467.000000
515.000000
466.764298
515.235702
467.149071
515.701858
467.000000
516.000000
466.789181
516.421637
466.421637
516.789181
466.000000
517.000000
465.701858
517.149071
465.235702
516.764298
465.000000
517.000000
464.764298
517.235702
465.149071
517.701858
465.000000
518.000000
464.789181
518.421637
464.421637
518.789181
464.000000
519.000000
463.701858
519.149071
463.333333
519.000000
463.000000
519.000000
462.666667
519.000000
462.333333
519.000000
462.000000
519.000000
461.666667
519.000000
461.333333
519.000000
461.000000
519.000000
460.666667
519.000000
460.333333
519.000000
460.000000
519.000000
459.666667
519.000000
459.333333
519.000000
459.000000
519.000000
458.666667
519.000000
458.298142
519.149071
458.000000
519.000000
457.578363
518.789181
457.333333
518.333333
457.000000
518.000000
456.666667
517.666667
456.421637
517.210819
456.000000
517.000000
455.701858
516.850929
455.333333
517.000000
455.000000
517.000000
454.666667
517.000000
454.333333
517.000000
454.000000
517.000000
453.666667
517.000000
453.333333
517.000000
453.000000
517.000000
452.666667
517.000000
452.298142
517.149071
452.000000
517.000000
451.578363
516.789181
451.333333
516.333333
451.000000
516.000000
450.666667
515.666667
450.421637
515.210819
450.000000
515.000000
449.701858
514.850929
449.333333
515.000000
449.000000
515.000000
448.666667
515.000000
448.333333
515.000000
448.000000
515.000000
447.666667
515.000000
447.333333
515.000000
447.000000
515.000000
446.666667
515.000000
446.333333
515.000000
446.000000
515.000000
445.666667
515.000000
445.333333
515.000000
445.000000
515.000000
444.666667
515.000000
444.333333
515.000000
444.000000
515.000000
443.666667
515.000000
443.333333
515.000000
443.000000
515.000000
442.666667
515.000000
442.298142
515.149071
442.000000
515.000000
441.578363
514.789181
441.333333
514.333333
441.000000
514.000000
440.666667
513.666667
440.333333
513.333333
440.000000
513.000000
439.666667
512.666667
439.333333
512.333333
439.000000
512.000000
438.666667
511.666667
438.333333
511.333333
438.000000
511.000000
437.666667
510.666667
437.210819
510.421637
437.000000
510.000000
436.850929
509.701858
437.000000
509.333333
437.000000
509.000000
437.000000
508.666667
437.000000
508.333333
437.000000
508.000000
437.000000
507.666667
437.000000
507.333333
437.000000
507.000000
437.000000
506.666667
437.149071
506.298142
437.000000
506.000000
436.789181
505.578363
436.333333
505.333333
436.000000
505.000000
435.666667
504.666667
435.210819
504.421637
435.000000
504.000000
434.850929
503.701858
435.000000
503.333333
435.000000
503.000000
435.000000
502.666667
435.000000
502.333333
435.000000
502.000000
435.000000
501.666667
435.000000
501.333333
435.000000
501.000000
435.000000
500.666667
435.149071
500.298142
435.000000
500.000000
434.789181
499.578363
434.333333
499.333333
434.000000
499.000000
433.666667
498.666667
433.333333
498.333333
433.000000
498.000000
432.666667
497.666667
432.333333
497.333333
432.000000
497.000000
431.666667
496.666667
431.210819
496.421637
431.000000
496.000000
430.850929
495.701858
431.000000
495.333333
431.000000
495.000000
431.000000
494.666667
430.850929
494.298142
431.000000
494.000000
431.210819
493.578363
431.578363
493.210819
432.000000
493.000000
432.298142
492.850929
432.764298
493.235702
433.000000
493.000000
433.235702
492.764298
432.850929
492.298142
433.000000
492.000000
433.210819
491.578363
433.578363
491.210819
434.000000
491.000000
434.298142
490.850929
434.764298
491.235702
435.000000
491.000000
435.235702
490.764298
434.850929
490.298142
435.000000
490.000000
435.210819
489.578363
435.578363
489.210819
436.000000
489.000000
436.298142
488.850929
436.764298
489.235702
437.000000
489.000000
437.235702
488.764298
437.000000
488.333333
437.000000
488.000000
437.000000
487.666667
437.000000
487.333333
437.000000
487.000000
437.000000
486.666667
436.850929
486.298142
437.000000
486.000000
437.210819
485.578363
437.578363
485.210819
438.000000
485.000000
438.298142
484.850929
438.764298
485.235702
439.000000
485.000000
439.235702
484.764298
438.850929
484.298142
439.000000
484.000000
439.210819
483.578363
439.578363
483.210819
440.000000
483.000000
440.298142
482.850929
440.764298
483.235702
441.000000
483.000000
441.235702
482.764298
440.850929
482.298142
441.000000
482.000000
441.210819
481.578363
441.578363
481.210819
442.000000
481.000000
442.298142
480.850929
442.666667
481.000000
443.000000
481.000000
443.333333
481.000000
443.666667
481.000000
444.000000
481.000000
444.333333
481.000000
444.764298
481.235702
445.000000
481.000000
445.235702
480.764298
444.850929
480.298142
445.000000
480.000000
445.210819
479.578363
445.578363
479.210819
446.000000
479.000000
446.298142
478.850929
446.666667
479.000000
447.000000
479.000000
447.333333
479.000000
447.666667
479.000000
448.000000
479.000000
448.333333
479.000000
448.666667
479.000000
449.000000
479.000000
449.333333
479.000000
449.666667
479.000000
450.000000
479.000000
450.333333
479.000000
450.666667
479.000000
451.000000
479.000000
451.333333
479.000000
451.666667
479.000000
452.000000
479.000000
452.333333
479.000000
452.764298
479.235702
453.000000
479.000000
453.235702
478.764298
453.000000
478.333333
453.000000
478.000000
453.000000
477.666667
453.000000
477.333333
453.000000
477.000000
453.000000
477.000000
453.000000
477.000000
3
1
0
0
0
0
0
255
255
255
1
0
147
129
47
