89
169
487 345
488 345
489 345
489 344
490 343
491 343
491 342
492 341
493 341
494 341
495 341
496 341
497 342
498 343
499 343
500 343
501 343
502 343
503 344
504 345
505 346
505 347
505 348
506 349
507 350
508 351
509 352
509 353
509 354
510 355
511 356
511 357
511 358
511 359
511 360
511 361
511 362
511 363
511 364
512 365
513 366
513 367
513 368
513 369
513 370
513 371
513 372
514 373
515 374
515 375
515 376
515 377
515 378
515 379
515 380
515 381
515 382
515 383
515 384
515 385
515 386
515 387
515 388
515 389
515 390
515 391
515 392
515 393
515 394
515 395
515 396
515 397
515 398
515 399
515 400
515 401
515 402
515 403
515 404
515 405
515 406
515 407
515 408
515 409
515 410
515 411
515 412
515 413
515 414
515 415
515 416
515 417
515 418
515 419
515 420
515 421
515 422
515 423
515 424
515 425
515 426
515 427
515 428
514 429
513 429
513 430
513 431
513 432
514 433
515 434
515 435
515 436
515 437
515 438
515 439
515 440
515 441
515 442
515 443
515 444
515 445
515 446
515 447
515 448
515 449
515 450
515 451
515 452
515 453
515 454
515 455
515 456
515 457
515 458
515 459
515 460
515 461
515 462
515 463
515 464
515 465
515 466
515 467
515 468
514 469
513 469
513 470
512 471
511 471
511 472
510 473
509 473
508 473
507 473
507 474
506 475
505 475
504 475
503 475
502 475
501 475
500 475
499 475
498 475
497 475
497 476
497 477
497 478
497 479
39
487 345
487 346
487 347
487 348
487 349
487 350
487 351
487 352
487 353
487 354
486 355
485 355
485 356
485 357
485 358
485 359
485 360
485 361
485 362
485 363
485 364
485 365
485 366
485 367
485 368
485 369
485 370
485 371
485 372
484 373
483 373
483 374
483 375
483 376
483 377
483 378
483 379
483 380
483 381
726
487 345
487 344
487 343
487 342
486 341
485 340
485 339
485 338
484 337
483 336
483 335
483 334
483 333
483 332
482 331
481 330
481 329
481 328
481 327
481 326
481 325
481 324
481 323
481 322
481 321
481 320
481 319
481 318
480 317
479 316
479 315
479 314
478 313
477 312
477 311
477 310
476 309
475 308
475 307
475 306
474 305
473 304
472 303
471 303
470 303
469 302
468 301
467 301
466 301
465 300
464 299
463 298
462 297
461 297
460 297
459 297
458 297
457 297
456 297
455 297
454 297
453 296
452 295
451 295
450 295
449 295
448 295
447 295
446 295
445 295
444 295
443 295
442 295
441 295
440 295
439 295
438 295
437 295
436 295
435 295
434 295
433 295
433 296
432 297
431 297
430 297
429 297
428 297
427 297
427 298
426 299
425 299
424 299
423 299
423 300
422 301
421 301
421 302
420 303
419 303
418 303
417 303
417 304
416 305
415 305
414 305
413 305
413 306
412 307
411 307
410 307
409 307
409 308
408 309
407 309
406 309
405 309
404 309
403 309
402 309
401 309
400 309
399 309
399 310
398 311
397 311
397 312
396 313
395 313
394 313
393 313
393 314
392 315
391 315
390 315
389 315
389 316
388 317
387 317
386 317
385 317
384 317
383 317
383 318
382 319
381 319
381 320
380 321
379 321
378 321
377 321
376 321
375 321
375 322
374 323
373 323
373 324
372 325
371 325
371 326
370 327
369 327
368 327
367 327
366 327
365 327
365 328
364 329
363 329
363 330
362 331
361 331
360 331
359 331
359 332
358 333
357 333
357 334
356 335
355 335
354 335
353 335
353 336
352 337
351 337
351 338
350 339
349 339
349 340
348 341
347 341
347 342
346 343
345 343
345 344
344 345
343 345
343 346
342 347
341 347
341 348
341 349
341 350
340 351
339 351
339 352
338 353
337 353
337 354
336 355
335 355
335 356
334 357
333 357
332 357
331 357
331 358
330 359
329 359
329 360
328 361
327 361
327 362
326 363
325 363
325 364
325 365
325 366
324 367
323 367
323 368
322 369
321 369
321 370
320 371
319 371
319 372
318 373
317 373
317 374
316 375
315 375
315 376
314 377
313 377
313 378
312 379
311 379
311 380
311 381
311 382
310 383
309 383
309 384
309 385
309 386
308 387
307 387
307 388
306 389
305 389
305 390
304 391
303 391
303 392
303 393
303 394
302 395
301 395
301 396
300 397
299 397
299 398
299 399
299 400
298 401
297 401
297 402
297 403
297 404
297 405
297 406
297 407
297 408
296 409
295 409
295 410
294 411
293 411
293 412
293 413
293 414
292 415
291 415
291 416
291 417
291 418
291 419
291 420
291 421
291 422
290 423
289 423
289 424
289 425
289 426
288 427
287 427
287 428
287 429
287 430
287 431
287 432
287 433
287 434
287 435
287 436
287 437
287 438
286 439
285 439
285 440
285 441
285 442
285 443
285 444
285 445
285 446
285 447
285 448
285 449
285 450
285 451
285 452
285 453
285 454
285 455
285 456
285 457
285 458
285 459
285 460
285 461
285 462
285 463
285 464
285 465
285 466
285 467
285 468
285 469
285 470
285 471
285 472
285 473
285 474
285 475
285 476
285 477
285 478
284 479
283 479
283 480
282 481
281 481
281 482
280 483
279 483
278 483
277 483
277 484
276 485
275 485
274 485
273 485
273 486
272 487
271 487
271 488
270 489
269 489
269 490
269 491
269 492
268 493
267 493
267 494
266 495
265 495
265 496
265 497
265 498
264 499
263 499
263 500
262 501
261 501
261 502
261 503
261 504
260 505
259 505
259 506
259 507
259 508
259 509
259 510
258 511
257 511
257 512
257 513
257 514
257 515
257 516
256 517
255 517
255 518
255 519
255 520
255 521
255 522
255 523
255 524
255 525
255 526
254 527
253 527
253 528
253 529
253 530
253 531
253 532
253 533
253 534
253 535
253 536
253 537
253 538
253 539
253 540
253 541
253 542
253 543
253 544
253 545
253 546
253 547
253 548
253 549
253 550
253 551
253 552
253 553
253 554
253 555
253 556
253 557
253 558
253 559
253 560
253 561
253 562
253 563
253 564
253 565
253 566
253 567
253 568
254 569
255 570
255 571
255 572
255 573
255 574
256 575
257 576
257 577
257 578
257 579
257 580
257 581
257 582
258 583
259 584
259 585
259 586
260 587
261 588
261 589
261 590
262 591
263 592
264 593
265 594
265 595
265 596
266 597
267 598
268 599
269 600
270 601
271 602
272 603
273 604
274 605
275 606
276 607
277 608
278 609
279 609
280 609
281 610
282 611
283 611
284 611
285 612
286 613
287 613
288 613
289 614
290 615
291 615
292 615
293 615
294 615
295 616
296 617
297 617
298 617
299 617
300 617
301 617
302 617
303 618
304 619
305 619
306 619
307 619
308 619
309 619
310 619
311 619
312 619
313 620
314 621
315 621
316 621
317 621
318 621
319 621
320 621
321 621
322 621
323 621
324 621
325 621
326 621
327 622
328 623
329 623
330 623
331 623
332 623
333 623
334 623
335 623
336 623
337 623
338 623
339 623
340 623
341 623
342 623
343 623
344 623
345 623
346 623
347 623
348 623
349 623
350 623
351 623
352 623
353 623
354 623
355 623
355 622
356 621
357 621
358 621
359 621
360 621
361 621
362 621
363 621
364 621
365 621
366 621
367 621
368 621
369 621
370 621
371 621
372 621
373 621
374 621
375 621
376 621
377 621
378 621
379 621
379 620
380 619
381 619
382 619
383 619
384 619
385 619
386 619
387 619
387 618
388 617
389 617
390 617
391 617
392 617
393 617
394 617
395 617
396 617
397 617
398 617
399 617
400 617
401 617
401 616
402 615
403 615
404 615
405 615
406 615
407 615
408 615
409 615
409 614
410 613
411 613
412 613
413 613
414 613
415 613
416 613
417 613
417 612
418 611
419 611
420 611
421 611
421 610
422 609
423 609
424 609
425 609
426 609
427 609
427 608
428 607
429 607
430 607
431 607
431 606
432 605
433 605
434 605
435 605
435 604
436 603
437 603
438 603
439 603
440 603
441 603
441 602
442 601
443 601
444 601
445 601
445 600
446 599
447 599
448 599
449 599
449 598
450 597
451 597
452 597
453 597
454 597
455 597
455 596
456 595
457 595
457 594
458 593
459 593
459 592
460 591
461 591
461 590
462 589
463 589
463 588
464 587
465 587
465 586
466 585
467 585
468 585
469 585
469 584
469 583
469 582
470 581
471 581
472 581
473 581
13
483 381
482 381
481 381
481 382
480 383
479 383
479 384
478 385
477 385
477 386
477 387
477 388
477 389
12
483 381
483 382
483 383
483 384
482 385
481 385
481 386
480 387
479 387
479 388
478 389
477 389
9
477 389
477 390
476 391
475 391
475 392
474 393
473 393
473 394
473 395
8
473 395
472 395
471 395
471 396
470 397
469 397
469 398
469 399
10
473 395
473 396
474 397
475 398
474 399
473 399
472 399
471 399
470 399
469 399
21
469 399
468 399
467 399
466 399
465 399
465 400
464 401
463 401
462 401
461 401
460 401
459 401
458 401
457 401
456 401
455 401
455 402
454 403
453 403
452 403
451 403
5
439 403
440 403
441 403
442 403
443 403
28
439 403
438 403
437 403
436 403
435 403
434 403
433 403
432 403
431 403
430 403
429 403
429 404
428 405
427 405
427 406
426 407
425 407
424 407
423 407
422 407
421 407
421 408
420 409
419 409
419 410
419 411
419 412
419 413
26
439 403
439 404
438 405
437 405
436 405
435 405
435 406
434 407
433 407
432 407
431 407
430 407
429 407
429 408
428 409
427 409
426 409
425 409
425 410
424 411
423 411
422 411
421 411
421 412
420 413
419 413
9
443 403
444 403
445 403
446 403
447 403
448 403
449 403
450 403
451 403
12
443 403
443 404
444 405
445 405
446 405
447 405
448 405
449 405
450 405
451 405
451 404
451 403
40
419 413
419 414
418 415
417 415
417 416
416 417
415 417
415 418
414 419
413 419
413 420
412 421
411 421
411 422
411 423
411 424
410 425
409 425
409 426
408 427
407 427
407 428
406 429
405 429
405 430
405 431
405 432
404 433
403 433
403 434
402 435
401 435
401 436
400 437
399 437
399 438
398 439
397 439
397 440
397 441
21
397 441
396 441
395 441
395 442
394 443
393 443
393 444
392 445
391 445
391 446
390 447
389 447
389 448
388 449
387 449
387 450
387 451
387 452
388 453
389 454
389 455
15
397 441
397 442
398 443
399 444
400 445
401 446
402 447
403 448
404 449
405 450
406 451
407 451
408 451
409 452
409 453
31
409 453
410 453
411 454
412 455
413 455
414 455
415 456
416 457
417 458
418 459
419 459
420 459
421 460
422 461
423 461
424 461
425 462
426 463
427 463
428 463
429 463
430 463
431 463
432 463
433 464
434 465
435 465
436 465
437 465
438 465
439 465
23
409 453
408 453
407 453
407 454
406 455
405 455
404 455
403 455
402 455
401 454
400 453
399 453
398 453
397 453
397 454
396 455
395 455
394 455
393 455
392 455
391 455
390 455
389 455
41
389 455
388 455
387 455
387 456
386 457
385 457
384 457
383 457
382 457
381 457
381 458
380 459
379 459
379 460
378 461
377 461
377 462
376 463
375 463
375 464
374 465
373 465
373 466
372 467
371 467
371 468
370 469
369 469
369 470
368 471
367 471
367 472
366 473
365 473
365 474
364 475
363 475
363 476
363 477
363 478
363 479
23
439 465
440 465
441 466
442 467
443 467
444 467
445 467
446 467
447 468
448 469
449 469
450 469
451 469
452 469
453 469
454 469
455 469
456 469
457 469
458 469
459 469
459 468
459 467
23
439 465
439 464
440 463
441 463
442 463
443 463
444 463
445 463
446 463
447 463
448 463
449 463
450 463
451 464
452 465
453 465
454 465
455 465
456 465
457 465
458 465
459 466
459 467
39
459 467
460 467
461 467
462 467
463 467
464 467
465 467
466 467
467 468
468 469
469 469
470 469
471 469
472 469
473 470
474 471
475 471
476 471
477 471
478 471
479 472
480 473
481 473
482 473
483 473
484 473
485 474
486 475
487 475
488 475
489 476
490 477
491 477
492 477
493 477
494 477
495 478
496 479
497 479
34
363 479
364 479
365 480
366 481
367 482
367 483
367 484
367 485
367 486
368 487
369 488
370 489
371 490
372 491
373 491
374 491
375 492
376 493
377 494
378 495
379 496
380 497
381 498
382 499
383 500
384 501
385 502
386 503
387 504
388 505
389 506
389 507
389 508
389 509
45
363 479
362 479
361 479
361 480
360 481
359 481
359 482
359 483
359 484
360 485
361 486
361 487
361 488
362 489
363 490
364 491
365 492
365 493
365 494
366 495
367 496
368 497
369 498
370 499
371 500
371 501
371 502
372 503
373 503
374 503
375 504
376 505
377 505
378 505
379 506
380 507
381 507
382 507
383 507
384 507
385 507
386 507
387 508
388 509
389 509
8
497 479
498 479
499 479
500 479
501 480
502 481
503 482
503 483
96
503 483
504 483
505 484
505 485
505 486
506 487
507 488
508 489
509 490
509 491
509 492
509 493
509 494
510 495
511 496
511 497
511 498
511 499
511 500
511 501
511 502
511 503
511 504
511 505
511 506
511 507
511 508
511 509
511 510
511 511
511 512
511 513
511 514
511 515
511 516
511 517
511 518
510 519
509 519
509 520
509 521
509 522
509 523
509 524
509 525
509 526
508 527
507 527
507 528
507 529
507 530
507 531
507 532
506 533
505 533
505 534
505 535
505 536
505 537
505 538
504 539
503 539
503 540
503 541
503 542
502 543
501 543
501 544
501 545
501 546
500 547
499 547
499 548
498 549
497 549
497 550
496 551
495 551
495 552
495 553
495 554
494 555
493 555
492 555
491 555
491 556
491 557
491 558
490 559
489 559
489 560
488 561
487 561
487 562
488 563
489 563
68
503 483
502 483
501 483
501 484
500 485
499 485
498 485
497 485
496 485
495 485
495 486
494 487
493 487
492 487
491 487
491 488
490 489
489 489
488 489
487 489
487 490
486 491
485 491
485 492
484 493
483 493
482 493
481 493
481 494
480 495
479 495
478 495
477 495
477 496
476 497
475 497
474 497
473 497
473 498
472 499
471 499
470 499
469 499
469 500
468 501
467 501
466 501
465 501
464 501
463 501
463 502
462 503
461 503
460 503
459 503
458 503
457 503
456 503
455 503
454 503
453 503
453 504
452 505
451 505
450 505
449 505
448 505
447 505
16
341 503
342 503
343 504
343 505
343 506
344 507
345 508
346 509
347 510
348 511
349 512
350 513
351 513
352 513
353 514
353 515
22
341 503
340 503
339 503
339 504
339 505
339 506
340 507
341 508
342 509
343 510
344 511
345 512
346 513
347 514
348 515
349 516
350 517
351 517
352 517
353 517
353 516
353 515
735
341 503
341 502
340 501
339 500
339 499
339 498
338 497
337 496
337 495
337 494
337 493
337 492
336 491
335 490
335 489
335 488
335 487
335 486
335 485
335 484
335 483
335 482
335 481
335 480
335 479
335 478
335 477
335 476
335 475
335 474
335 473
335 472
335 471
335 470
336 469
337 469
337 468
337 467
337 466
337 465
337 464
337 463
337 462
337 461
337 460
338 459
339 459
339 458
339 457
339 456
339 455
339 454
340 453
341 453
341 452
341 451
341 450
341 449
341 448
341 447
341 446
342 445
343 445
343 444
343 443
343 442
343 441
343 440
344 439
345 439
345 438
345 437
345 436
346 435
347 435
347 434
347 433
347 432
347 431
347 430
348 429
349 429
349 428
349 427
349 426
349 425
349 424
350 423
351 423
351 422
352 421
353 421
353 420
354 419
355 419
355 418
355 417
355 416
356 415
357 415
357 414
358 413
359 413
359 412
360 411
361 411
361 410
362 409
363 409
363 408
364 407
365 407
365 406
366 405
367 405
367 404
368 403
369 403
370 403
371 403
371 402
372 401
373 401
374 401
375 401
375 400
376 399
377 399
378 399
379 399
379 398
380 397
381 397
382 397
383 397
383 396
384 395
385 395
385 394
386 393
387 393
388 393
389 393
389 392
390 391
391 391
391 390
392 389
393 389
394 389
395 389
395 388
396 387
397 387
397 386
398 385
399 385
400 385
401 385
401 384
402 383
403 383
404 383
405 383
405 382
406 381
407 381
408 381
409 381
409 380
410 379
411 379
412 379
413 379
414 379
415 379
415 378
416 377
417 377
418 377
419 377
420 377
421 377
421 376
422 375
423 375
424 375
425 375
426 375
427 375
428 375
429 375
429 374
430 373
431 373
432 373
433 373
434 373
435 373
436 373
437 373
438 373
439 373
439 372
440 371
441 371
442 371
443 371
444 371
445 371
446 371
447 371
448 371
449 371
449 370
450 369
451 369
451 368
452 367
453 367
453 366
454 365
455 365
455 364
456 363
457 363
457 362
457 361
457 360
457 359
457 358
458 357
459 357
459 356
459 355
459 354
460 353
461 353
461 352
461 351
461 350
461 349
461 348
461 347
461 346
461 345
461 344
460 343
459 342
458 341
457 341
456 341
455 341
455 342
454 343
453 343
453 344
452 345
451 345
451 346
450 347
449 347
449 348
448 349
447 349
447 350
446 351
445 351
445 352
444 353
443 353
442 353
441 353
441 354
440 355
439 355
438 355
437 355
437 356
436 357
435 357
434 357
433 357
432 357
431 357
431 358
430 359
429 359
429 360
428 361
427 361
426 361
425 361
425 362
424 363
423 363
422 363
421 363
420 363
419 363
419 364
418 365
417 365
416 365
415 365
414 365
413 365
413 366
412 367
411 367
410 367
409 367
409 368
408 369
407 369
406 369
405 369
404 369
403 369
402 369
401 369
401 370
400 371
399 371
398 371
397 371
396 371
395 371
395 372
394 373
393 373
392 373
391 373
390 373
389 373
389 374
388 375
387 375
386 375
385 375
385 376
384 377
383 377
382 377
381 377
380 377
379 377
379 378
378 379
377 379
376 379
375 379
375 380
374 381
373 381
372 381
371 381
370 381
369 381
369 382
368 383
367 383
367 384
366 385
365 385
364 385
363 385
363 386
362 387
361 387
361 388
361 389
361 390
360 391
359 391
359 392
358 393
357 393
356 393
355 393
355 394
354 395
353 395
353 396
352 397
351 397
351 398
350 399
349 399
349 400
348 401
347 401
347 402
346 403
345 403
345 404
344 405
343 405
343 406
342 407
341 407
341 408
341 409
341 410
340 411
339 411
339 412
339 413
339 414
339 415
339 416
338 417
337 417
337 418
337 419
337 420
336 421
335 421
335 422
335 423
335 424
334 425
333 425
333 426
332 427
331 427
331 428
331 429
331 430
331 431
331 432
330 433
329 433
329 434
328 435
327 435
327 436
327 437
327 438
327 439
327 440
327 441
327 442
327 443
327 444
327 445
327 446
327 447
327 448
326 449
325 449
325 450
325 451
325 452
325 453
325 454
325 455
325 456
325 457
325 458
325 459
325 460
325 461
325 462
325 463
325 464
325 465
325 466
325 467
325 468
325 469
325 470
324 471
323 471
323 472
323 473
323 474
323 475
323 476
323 477
323 478
323 479
323 480
323 481
323 482
323 483
323 484
323 485
323 486
323 487
323 488
323 489
323 490
322 491
321 491
321 492
321 493
321 494
321 495
321 496
320 497
319 497
319 498
319 499
319 500
318 501
317 501
317 502
316 503
315 503
315 504
314 505
313 505
313 506
312 507
311 507
311 508
310 509
309 509
309 510
308 511
307 511
306 511
305 511
305 512
304 513
303 513
302 513
301 513
301 514
300 515
299 515
299 516
298 517
297 517
297 518
296 519
295 519
295 520
294 521
293 521
293 522
292 523
291 523
291 524
291 525
291 526
290 527
289 527
289 528
289 529
289 530
289 531
289 532
288 533
287 533
287 534
287 535
287 536
287 537
287 538
287 539
287 540
287 541
287 542
287 543
287 544
287 545
287 546
287 547
287 548
287 549
287 550
287 551
287 552
287 553
287 554
287 555
287 556
287 557
287 558
287 559
287 560
287 561
287 562
287 563
287 564
287 565
287 566
287 567
287 568
288 569
289 570
289 571
289 572
290 573
291 574
291 575
291 576
292 577
293 578
293 579
293 580
294 581
295 582
295 583
295 584
296 585
297 586
298 587
299 588
300 589
301 590
302 591
303 592
304 593
305 593
306 593
307 594
308 595
309 596
310 597
311 597
312 597
313 597
314 597
315 597
316 597
317 598
318 599
319 599
320 599
321 599
322 599
323 599
323 598
322 597
321 596
320 595
319 594
318 593
317 592
316 591
315 591
314 591
313 590
312 589
311 588
310 587
309 586
308 585
307 584
306 583
305 582
305 581
305 580
304 579
303 578
303 577
303 576
302 575
301 574
300 573
299 572
299 571
299 570
298 569
297 568
297 567
297 566
297 565
297 564
297 563
297 562
297 561
297 560
296 559
295 558
295 557
295 556
295 555
295 554
295 553
295 552
295 551
295 550
295 549
295 548
295 547
295 546
295 545
295 544
296 543
297 543
297 542
297 541
297 540
297 539
297 538
297 537
297 536
298 535
299 535
299 534
300 533
301 533
301 532
301 531
301 530
302 529
303 529
303 528
304 527
305 527
305 526
306 525
307 525
308 525
309 525
309 524
310 523
311 523
312 523
313 523
313 522
314 521
315 521
316 521
317 521
318 521
319 521
320 521
321 521
322 521
323 521
5
447 505
446 505
445 505
445 506
445 507
4
447 505
447 506
446 507
445 507
22
445 507
444 507
443 507
442 507
441 507
440 507
439 507
438 507
437 507
436 507
435 507
435 508
434 509
433 509
432 509
431 509
430 509
429 509
428 509
427 509
426 509
425 509
23
389 509
390 509
391 510
392 511
393 512
394 513
395 514
396 515
397 516
398 517
399 518
400 519
401 519
402 519
403 520
404 521
405 522
406 523
407 524
408 525
409 526
410 527
411 527
163
425 509
425 510
425 511
425 512
426 513
427 514
427 515
427 516
428 517
429 518
430 519
431 520
432 521
433 521
434 521
435 521
436 521
437 521
438 521
439 521
440 521
441 521
442 521
443 521
444 521
445 521
446 521
447 521
448 521
449 521
450 521
451 521
452 521
453 521
454 521
455 521
456 521
457 521
458 521
459 521
459 520
460 519
461 519
462 519
463 519
464 519
465 519
466 519
467 519
467 518
468 517
469 517
470 517
471 517
472 517
473 517
474 517
475 517
476 517
477 517
477 516
478 515
479 515
480 515
481 515
481 514
482 513
483 513
483 512
484 511
485 511
486 511
487 511
487 510
488 509
489 509
489 508
490 507
491 507
491 506
492 505
493 506
493 507
493 508
492 509
491 509
491 510
491 511
491 512
490 513
489 513
489 514
489 515
489 516
488 517
487 517
487 518
487 519
487 520
486 521
485 521
485 522
485 523
485 524
484 525
483 525
483 526
483 527
483 528
482 529
481 529
481 530
480 531
479 531
479 532
479 533
479 534
479 535
479 536
479 537
479 538
478 539
477 539
477 540
477 541
477 542
476 543
475 543
475 544
475 545
475 546
475 547
475 548
474 549
473 549
473 550
472 551
471 551
471 552
470 553
469 552
469 551
469 550
470 549
471 549
471 548
471 547
471 546
472 545
473 545
473 544
473 543
473 542
473 541
473 540
473 539
473 538
473 537
473 536
473 535
473 534
472 533
471 533
175
425 509
425 508
425 507
425 506
426 505
427 505
427 504
427 503
427 502
428 501
429 501
429 500
430 499
431 499
431 498
432 497
433 497
433 496
434 495
435 495
435 494
436 493
437 493
438 493
439 493
440 493
441 493
441 492
442 491
443 491
444 491
445 491
446 491
447 491
448 491
449 491
449 490
450 489
451 489
452 489
453 489
454 489
455 489
456 489
457 489
457 488
458 487
459 487
460 487
461 487
461 486
460 485
459 485
458 485
457 485
456 485
455 485
454 485
453 485
452 485
451 485
450 485
449 485
448 485
447 485
446 485
445 485
444 485
443 485
443 486
442 487
441 487
440 487
439 487
438 487
437 487
436 487
435 487
434 487
433 487
432 487
431 486
430 485
429 485
428 485
427 485
426 485
425 485
424 485
423 485
422 485
421 485
420 485
419 484
418 483
417 483
416 483
415 482
414 481
413 480
412 479
411 479
410 479
409 478
408 477
407 476
406 475
405 475
404 475
403 474
402 473
401 473
401 474
400 475
399 475
399 476
400 477
401 478
402 479
403 480
404 481
405 482
406 483
407 484
408 485
409 486
410 487
411 488
412 489
413 489
414 489
415 489
416 489
417 490
418 491
419 492
419 493
419 494
419 495
419 496
419 497
419 498
419 499
419 500
419 501
419 502
419 503
419 504
419 505
419 506
418 507
417 507
417 508
417 509
417 510
417 511
417 512
417 513
417 514
417 515
417 516
417 517
417 518
417 519
417 520
416 521
415 521
415 522
415 523
415 524
414 525
413 525
413 526
412 527
411 527
61
353 515
354 515
355 516
356 517
357 517
358 517
359 518
360 519
361 520
362 521
363 521
364 521
365 522
366 523
367 523
368 523
369 524
370 525
371 525
372 525
373 525
374 525
375 525
376 525
377 526
378 527
379 527
380 527
381 527
382 527
383 527
384 527
385 527
386 527
387 528
388 529
389 529
390 529
391 529
392 529
393 529
394 529
395 529
396 529
397 529
398 529
399 529
400 529
401 529
402 529
403 529
404 529
405 529
406 529
407 529
408 529
409 529
410 529
411 529
411 528
411 527
163
323 521
324 521
325 521
326 521
327 521
328 521
329 522
330 523
331 523
332 523
333 523
334 523
335 524
336 525
337 525
338 525
339 526
340 527
341 527
342 527
343 528
344 529
345 530
346 531
347 531
348 531
349 532
350 533
351 534
352 535
353 536
354 537
355 537
356 537
357 538
358 539
359 540
360 541
361 541
362 541
363 542
364 543
365 544
366 545
367 545
368 545
369 546
370 547
371 547
372 547
373 548
374 549
375 549
376 549
377 550
378 551
379 551
380 551
381 552
382 553
383 553
384 553
385 554
386 555
387 556
388 557
389 557
390 557
391 557
392 557
393 557
394 557
395 557
396 557
397 557
398 557
399 557
400 557
401 557
402 557
403 557
404 557
405 557
406 557
407 557
408 557
409 557
409 556
410 555
411 555
412 555
413 555
414 555
415 555
415 554
416 553
417 553
418 553
419 553
420 553
421 553
422 553
423 553
423 552
424 551
425 551
426 551
427 551
427 550
428 549
429 549
430 549
431 549
431 548
432 547
433 547
434 547
435 547
435 546
436 545
437 545
437 544
438 543
439 543
440 543
441 543
441 542
442 541
443 541
444 541
445 541
445 540
446 539
447 539
447 538
448 537
449 537
450 537
451 537
451 536
452 535
453 535
454 535
455 535
456 535
457 535
457 534
458 533
459 533
460 533
461 533
461 532
462 531
463 531
464 531
465 531
466 531
467 531
468 531
469 531
470 531
471 532
471 533
17
323 521
323 522
323 523
323 524
324 525
325 526
325 527
325 528
325 529
325 530
325 531
325 532
326 533
327 534
327 535
327 536
327 537
24
471 533
470 533
469 533
469 534
468 535
467 535
467 536
466 537
465 537
465 538
464 539
463 539
463 540
462 541
461 541
461 542
460 543
459 543
459 544
458 545
457 545
457 546
456 547
455 547
4
327 537
328 537
329 538
329 539
4
327 537
327 538
328 539
329 539
155
329 539
329 540
330 541
331 542
331 543
331 544
331 545
331 546
332 547
333 548
333 549
333 550
333 551
333 552
334 553
335 554
335 555
335 556
335 557
335 558
336 559
337 560
338 561
339 562
340 563
341 564
342 565
343 566
344 567
345 568
346 569
347 569
348 569
349 570
350 571
351 572
352 573
353 573
354 573
355 574
356 575
357 575
358 575
359 575
360 575
361 576
362 577
363 577
364 577
365 577
366 577
367 577
368 577
369 578
370 579
371 579
372 579
373 579
374 579
375 579
376 579
377 579
378 579
379 580
380 581
381 581
382 581
383 581
384 581
385 581
386 581
387 581
388 581
389 581
390 581
391 581
391 580
392 579
393 579
394 579
395 579
396 579
397 579
398 579
399 579
400 579
401 579
401 578
402 577
403 577
404 577
405 577
405 576
406 575
407 575
408 575
409 575
410 575
411 575
411 574
412 573
413 573
414 573
415 573
415 572
416 571
417 571
418 571
419 571
419 570
420 569
421 569
422 569
423 569
423 568
424 567
425 567
426 567
427 567
427 566
428 565
429 565
430 565
431 565
432 565
433 565
433 564
433 563
433 562
434 561
435 561
435 560
436 559
437 559
438 559
439 559
439 558
440 557
441 557
441 556
442 555
443 555
444 555
445 555
445 554
446 553
447 553
448 553
449 553
449 552
450 551
451 551
451 550
452 549
453 549
5
455 547
454 547
453 547
453 548
453 549
4
455 547
455 548
454 549
453 549
63
489 563
490 563
491 563
492 563
493 563
494 563
495 563
495 562
496 561
497 561
497 560
498 559
499 559
499 558
500 557
501 557
501 556
502 555
503 555
503 554
504 553
505 553
505 552
506 551
507 551
508 551
509 551
510 551
511 551
511 550
512 549
513 549
514 549
515 550
515 551
515 552
515 553
515 554
515 555
515 556
515 557
515 558
515 559
515 560
515 561
515 562
515 563
515 564
515 565
515 566
515 567
515 568
515 569
515 570
515 571
515 572
515 573
515 574
515 575
515 576
515 577
515 578
515 579
28
489 563
489 564
488 565
487 565
487 566
486 567
485 567
485 568
484 569
483 569
483 570
482 571
481 571
481 572
480 573
479 573
479 574
479 575
479 576
478 577
477 577
476 577
475 577
475 578
475 579
475 580
474 581
473 581
54
515 579
514 579
513 579
513 580
512 581
511 581
510 581
509 581
508 581
507 581
506 581
505 581
504 581
503 581
503 582
502 583
501 583
500 583
499 583
498 583
497 583
497 584
496 585
495 585
494 585
493 585
493 586
493 587
493 588
494 589
495 589
495 588
496 587
497 587
498 587
499 587
500 587
501 587
501 586
502 585
503 585
504 585
505 585
506 585
507 585
508 585
509 585
510 585
511 585
512 585
513 585
513 584
514 583
515 583
5
515 579
515 580
515 581
515 582
515 583
12
473 581
473 582
473 583
473 584
473 585
473 586
472 587
471 587
471 588
471 589
471 590
471 591
11
515 583
515 584
515 585
515 586
515 587
515 588
515 589
515 590
515 591
515 592
515 593
5
471 591
470 591
469 591
469 592
469 593
3
471 591
471 592
471 593
3
469 593
470 593
471 593
3
469 593
469 594
469 595
3
471 593
471 594
471 595
30
515 593
514 593
513 593
512 593
511 593
510 593
509 593
508 593
507 593
506 593
505 593
504 593
503 593
502 593
501 593
501 594
502 595
503 595
504 595
505 595
506 595
507 595
508 595
509 595
510 595
511 595
512 595
513 595
514 595
515 595
3
515 593
515 594
515 595
3
469 595
470 595
471 595
4
469 595
469 596
468 597
467 597
25
471 595
471 596
471 597
471 598
471 599
471 600
471 601
471 602
471 603
471 604
471 605
471 606
471 607
471 608
471 609
471 610
471 611
471 612
471 613
471 614
471 615
471 616
471 617
471 618
471 619
19
515 595
515 596
515 597
515 598
515 599
515 600
515 601
515 602
515 603
515 604
515 605
515 606
515 607
515 608
515 609
515 610
515 611
515 612
515 613
29
467 597
466 597
465 597
464 597
463 597
463 598
462 599
461 599
460 599
459 599
459 600
458 601
457 601
457 602
456 603
455 603
455 604
455 605
455 606
456 607
457 607
458 607
459 607
460 607
461 607
462 607
463 607
464 607
465 607
12
467 597
467 598
467 599
467 600
466 601
465 601
465 602
465 603
465 604
465 605
465 606
465 607
274
465 607
465 608
465 609
465 610
465 611
465 612
464 613
463 613
463 614
462 615
461 615
461 616
461 617
461 618
461 619
461 620
461 621
461 622
460 623
459 623
459 624
459 625
459 626
458 627
457 627
456 627
455 627
454 627
453 627
452 627
451 627
451 628
450 629
449 629
448 629
447 629
446 629
445 629
444 629
443 628
442 627
441 626
440 625
439 624
438 623
437 623
436 623
435 623
434 623
433 623
432 623
431 623
431 624
430 625
429 625
428 625
427 625
426 625
425 625
424 625
423 625
422 625
421 625
420 625
419 625
418 625
417 625
416 625
415 625
414 625
413 625
412 625
411 625
410 625
409 625
408 625
407 625
406 625
405 625
404 625
403 625
402 625
401 625
400 625
399 625
398 625
397 625
396 625
395 625
395 626
394 627
393 627
393 628
392 629
391 629
391 630
390 631
389 631
389 632
388 633
387 633
386 633
385 633
385 634
384 635
383 635
382 635
381 635
381 636
380 637
379 637
379 638
378 639
377 639
377 640
377 641
377 642
376 643
375 643
375 644
374 645
373 645
372 645
371 645
370 645
369 645
369 646
368 647
367 647
366 647
365 647
365 648
364 649
363 649
362 649
361 649
361 650
361 651
361 652
361 653
361 654
360 655
359 655
359 656
358 657
357 657
357 658
356 659
355 659
355 660
355 661
355 662
356 663
357 664
357 665
357 666
358 667
359 667
360 667
361 667
362 667
363 667
364 667
365 667
366 667
367 667
368 667
369 668
370 669
371 669
372 669
373 669
373 668
374 667
375 667
376 667
377 667
378 667
379 668
380 669
381 670
382 671
383 671
384 671
385 671
386 671
387 672
388 673
389 674
390 675
391 675
392 675
393 675
394 675
395 675
396 675
397 675
398 675
399 675
400 675
401 675
402 675
403 675
404 675
405 675
406 675
407 675
408 675
409 675
409 674
410 673
411 673
412 673
413 673
413 672
414 671
415 671
416 671
417 671
418 671
419 672
420 673
421 673
422 673
423 673
424 673
425 673
426 673
427 673
428 673
429 673
430 673
431 673
431 672
432 671
433 671
434 671
435 671
436 671
437 671
438 671
439 671
440 671
441 671
441 670
442 669
443 669
444 669
445 669
445 668
445 667
445 666
444 665
443 664
443 663
443 662
444 661
445 661
446 661
447 661
448 661
449 661
449 660
450 659
451 659
452 659
453 659
453 658
454 657
455 657
455 656
455 655
455 654
455 653
41
477 611
478 611
479 612
480 613
481 613
482 613
483 613
484 613
485 613
485 612
486 611
487 611
487 610
488 609
489 609
490 609
491 610
492 611
493 611
494 611
495 611
496 611
497 612
498 613
499 613
500 613
501 613
502 613
503 613
504 613
505 613
506 613
507 613
508 613
509 613
510 613
511 613
512 613
513 613
514 613
515 613
13
477 611
476 611
475 611
475 612
475 613
475 614
474 615
473 615
473 616
473 617
473 618
472 619
471 619
17
477 611
477 612
477 613
477 614
477 615
477 616
477 617
477 618
477 619
477 620
477 621
477 622
477 623
477 624
477 625
477 626
477 627
21
515 613
515 614
515 615
515 616
515 617
515 618
515 619
515 620
515 621
515 622
515 623
515 624
515 625
515 626
515 627
515 628
515 629
515 630
515 631
515 632
515 633
45
471 619
470 619
469 619
469 620
469 621
469 622
468 623
467 623
466 623
465 623
465 624
465 625
465 626
464 627
463 627
463 628
462 629
461 629
461 630
461 631
461 632
460 633
459 633
459 634
459 635
459 636
458 637
457 637
457 638
457 639
457 640
457 641
457 642
457 643
457 644
457 645
457 646
456 647
455 647
455 648
455 649
455 650
455 651
455 652
455 653
39
477 627
478 627
479 627
480 627
481 627
482 627
483 627
484 627
485 627
486 627
487 628
488 629
489 629
490 629
491 629
492 629
493 629
494 629
495 630
496 631
497 631
498 631
499 631
500 631
501 631
502 631
503 631
504 631
505 632
506 633
507 633
508 633
509 633
510 633
511 633
512 633
513 633
514 633
515 633
15
477 627
476 627
475 627
474 627
473 627
473 628
472 629
471 629
471 630
472 631
473 631
474 631
475 631
476 631
477 631
39
477 631
478 631
479 631
480 631
481 631
482 631
483 631
484 631
485 631
486 631
487 632
488 633
489 633
490 633
491 633
492 633
493 633
494 633
495 634
496 635
497 635
498 635
499 635
500 635
501 635
502 635
503 635
504 635
505 635
506 635
507 635
508 635
509 635
510 635
511 635
512 635
513 635
514 635
515 635
17
477 631
477 632
477 633
477 634
477 635
477 636
477 637
477 638
477 639
477 640
477 641
477 642
477 643
477 644
477 645
477 646
477 647
3
515 633
515 634
515 635
13
515 635
515 636
515 637
515 638
515 639
515 640
515 641
515 642
515 643
515 644
515 645
515 646
515 647
39
477 647
478 647
479 647
480 647
481 647
482 647
483 647
484 647
485 647
486 647
487 647
488 647
489 647
490 647
491 647
492 647
493 647
494 647
495 647
496 647
497 647
498 647
499 647
500 647
501 647
502 647
503 647
504 647
505 647
506 647
507 647
508 647
509 647
510 647
511 647
512 647
513 647
514 647
515 647
3
477 647
477 648
477 649
3
515 647
515 648
515 649
39
477 649
478 649
479 649
480 649
481 649
482 649
483 649
484 649
485 649
486 649
487 649
488 649
489 649
490 649
491 649
492 649
493 649
494 649
495 649
496 649
497 649
498 649
499 649
500 649
501 649
502 649
503 649
504 649
505 649
506 649
507 649
508 649
509 649
510 649
511 649
512 649
513 649
514 649
515 649
13
477 649
477 650
477 651
477 652
477 653
477 654
477 655
477 656
477 657
477 658
478 659
479 660
479 661
9
515 649
515 650
515 651
515 652
515 653
515 654
515 655
515 656
515 657
42
455 653
456 653
457 653
457 652
457 651
457 650
458 649
459 649
459 648
460 647
461 647
462 647
463 647
463 646
463 645
463 644
464 643
465 643
466 643
467 644
467 645
467 646
468 647
469 648
469 649
469 650
469 651
469 652
470 653
471 654
471 655
471 656
472 657
473 658
473 659
473 660
474 661
475 662
476 663
477 664
478 665
479 665
39
515 657
514 657
513 657
512 657
511 657
510 657
509 657
508 657
507 657
506 657
505 657
504 657
503 657
502 657
501 657
500 657
499 657
498 657
497 657
496 657
495 657
494 657
493 657
492 657
491 657
490 657
489 657
488 657
487 657
487 658
486 659
485 659
484 659
483 659
482 659
481 659
481 660
480 661
479 661
63
515 657
515 658
515 659
515 660
515 661
515 662
515 663
515 664
515 665
515 666
515 667
515 668
515 669
515 670
515 671
515 672
515 673
515 674
515 675
515 676
515 677
515 678
515 679
515 680
514 681
513 681
512 681
511 681
510 681
509 681
508 681
507 681
506 681
505 681
504 681
503 681
502 681
501 681
500 681
499 681
498 681
497 680
496 679
495 679
494 679
493 678
492 677
491 677
490 677
489 676
488 675
487 675
486 675
485 674
484 673
483 672
482 671
481 670
480 669
479 668
479 667
479 666
479 665
5
479 661
479 662
479 663
479 664
479 665
183
497 403
498 403
499 403
500 403
501 404
500 405
499 405
499 406
499 407
499 408
499 409
499 410
499 411
499 412
498 413
497 413
497 414
497 415
497 416
497 417
497 418
496 419
495 419
495 420
494 421
493 421
493 422
492 423
491 423
491 424
490 425
489 425
488 425
487 425
487 426
486 427
485 427
484 427
483 427
483 428
482 429
481 429
481 430
481 431
481 432
480 433
479 433
479 434
478 435
477 435
477 436
477 437
477 438
477 439
477 440
478 441
479 442
480 443
481 444
482 445
483 446
484 447
485 448
486 449
487 449
488 449
489 450
490 451
491 452
492 453
493 454
492 455
491 455
491 456
490 457
489 456
488 455
487 455
486 455
485 455
484 455
483 454
482 453
481 453
480 453
479 453
478 453
477 453
476 453
475 452
474 451
473 451
472 451
471 451
470 451
469 450
468 449
467 449
466 449
465 449
464 449
463 449
462 449
461 448
460 447
459 447
458 447
457 446
456 445
455 444
454 443
453 442
452 441
451 440
451 439
451 438
452 437
453 437
453 436
454 435
455 435
455 434
456 433
457 433
458 433
459 433
459 432
460 431
461 431
462 431
463 431
463 430
464 429
465 429
466 429
467 429
467 428
468 427
469 427
470 427
471 427
472 427
473 427
473 426
474 425
475 425
476 425
477 425
477 424
478 423
479 423
480 423
481 423
481 422
482 421
483 421
483 420
484 419
485 419
486 419
487 419
487 418
488 417
489 417
489 416
490 415
491 415
491 414
492 413
493 413
493 412
493 411
493 410
494 409
495 409
495 408
495 407
495 406
496 405
497 405
497 404
497 403
497 403
37
489 589
490 589
491 589
492 589
493 590
492 591
491 591
491 592
491 593
491 594
490 595
489 595
489 596
488 597
487 597
487 598
486 599
485 599
484 599
483 600
482 601
481 600
482 599
483 598
484 597
485 597
485 596
485 595
485 594
486 593
487 593
487 592
488 591
489 591
489 590
489 589
489 589
